;;  Shock List from CfA Interplantary Shock Database at:
;;    https://www.cfa.harvard.edu/shocks/wi_data/
;;
;;  TRUE for any instrument if at least 2 VDFs found within ±2 hours of ramp
;;
;;      Date  /  Time             PLB    PHB    ELB    EHB    SFB    SOB
;;=========================================================================
;;  1995-02-26/02:55:37.500        1      1      1      0      1      1
;;  1995-07-24/02:23:16.500        1      1      1      0      1      1
;;  1995-08-17/02:47:19.500        1      1      1      0      1      1
;;  1995-08-22/12:56:46.500        1      1      1      0      1      1
;;  1995-10-18/10:40:40.000        1      1      0      0      1      1
;;  1995-12-24/05:57:34.500        1      1      1      0      1      1
;;  1996-02-06/19:14:22.500        1      1      1      0      1      1
;;  1996-04-02/10:07:55.500        1      1      1      0      1      1
;;  1996-04-03/09:47:16.500        1      1      1      0      1      1
;;  1996-04-08/02:41:10.500        1      1      1      0      1      1
;;  1996-04-08/13:08:58.500        1      1      1      0      1      1
;;  1997-02-09/12:50:25.500        1      1      1      0      1      1
;;  1997-02-27/17:29:07.500        1      1      1      0      1      1
;;  1997-05-15/01:15:22.500        1      1      1      0      1      1
;;  1997-05-20/05:10:49.500        1      1      1      0      1      1
;;  1997-10-24/11:18:07.500        1      1      1      0      1      1
;;  1997-11-30/07:15:43.500        1      1      1      0      1      1
;;  1997-12-10/04:33:13.500        1      1      1      0      1      1
;;  1997-12-30/01:13:43.500        1      1      1      0      1      1
;;  1998-01-06/13:29:01.500        1      1      1      0      1      1
;;  1998-01-31/15:53:46.500        1      1      1      0      1      1
;;  1998-03-04/11:02:46.500        1      1      1      0      1      1
;;  1998-04-07/16:53:34.500        1      1      1      0      1      1
;;  1998-04-23/17:29:01.500        1      1      1      0      1      1
;;  1998-04-30/08:43:07.500        1      1      1      0      0      0
;;  1998-05-03/17:02:19.500        1      1      1      0      1      1
;;  1998-05-15/13:53:46.500        1      1      1      0      1      1
;;  1998-06-13/19:18:10.500        1      1      1      0      1      1
;;  1998-08-06/07:16:07.500        1      1      1      0      1      1
;;  1998-08-19/18:40:40.500        1      1      1      0      1      1
;;  1998-08-26/06:40:28.500        1      1      1      0      1      1
;;  1998-09-24/23:20:37.500        1      1      1      0      1      1
;;  1998-10-02/07:06:04.500        1      1      1      0      1      1
;;  1998-10-23/12:58:22.500        1      1      1      0      1      1
;;  1998-11-08/04:41:16.500        1      1      1      0      1      1
;;  1998-12-28/18:20:16.500        1      1      1      0      1      1
;;  1999-01-13/10:47:58.500        1      1      1      0      1      1
;;  1999-01-22/20:21:46.500        1      1      1      0      1      1
;;  1999-02-18/02:48:19.500        1      1      1      0      1      1
;;  1999-04-16/11:14:01.500        1      1      1      0      1      1
;;  1999-05-18/00:32:40.500        1      1      1      0      1      1
;;  1999-06-26/19:30:58.500        1      1      1      0      1      1
;;  1999-07-02/00:27:22.500        1      1      1      0      1      1
;;  1999-07-06/14:24:55.500        1      1      1      0      1      1
;;  1999-07-26/23:50:16.500        1      1      1      0      1      1
;;  1999-08-04/01:44:37.500        1      1      1      0      1      1
;;  1999-08-15/10:33:46.500        1      1      1      0      1      1
;;  1999-08-23/15:41:34.500        1      1      1      0      1      1
;;  1999-09-12/03:57:55.500        1      1      1      1      1      1
;;  1999-09-15/07:43:46.500        1      1      1      1      1      1
;;  1999-09-22/12:09:25.500        1      1      1      1      1      1
;;  1999-10-21/02:20:52.500        1      1      1      1      1      1
;;  1999-12-12/15:54:28.500        1      1      1      1      1      1
;;  2000-02-11/23:34:13.500        1      1      1      1      1      1
;;  2000-02-20/21:03:46.500        1      1      1      1      1      1
;;  2000-04-06/16:32:13.500        1      1      1      1      1      1
;;  2000-07-13/09:43:49.500        1      1      1      1      1      1
;;  2000-07-13/09:59:10.500        1      1      1      1      1      1
;;  2000-07-28/06:38:46.500        1      1      1      1      1      1
;;  2000-08-11/18:49:34.500        1      1      1      1      1      1
;;  2000-10-05/03:28:40.500        1      1      1      1      1      1
;;  2000-10-12/22:33:52.500        1      1      1      1      1      1
;;  2000-10-31/17:09:58.500        1      1      1      1      0      0
;;  2001-08-17/11:01:40.500        1      1      1      1      1      1
;;  2001-08-27/19:38:25.500        1      1      1      1      1      1
;;  2001-09-25/20:17:16.500        1      1      1      1      1      1
;;  2001-10-11/16:50:55.500        1      1      1      1      1      1
;;  2001-10-21/16:40:43.500        1      1      1      1      1      1
;;  2001-10-25/08:59:28.500        1      1      1      1      0      0
;;  2001-10-28/03:13:46.500        1      1      1      1      1      1
;;  2001-10-31/13:47:10.500        1      1      1      1      1      1
;;  2001-11-24/04:54:40.500        1      1      1      1      1      1
;;  2001-11-24/05:51:55.500        1      1      1      1      1      1
;;  2001-12-30/20:05:07.500        1      1      1      1      1      1
;;  2002-01-31/21:38:10.500        1      1      1      1      1      1
;;  2002-03-18/13:14:04.500        1      1      1      1      1      1
;;  2002-04-17/11:01:37.500        1      1      1      1      1      1
;;  2002-04-19/08:25:19.500        1      1      1      1      1      1
;;  2002-04-23/05:00:22.500        1      1      1      1      1      1
;;  2002-05-18/19:45:49.500        1      1      1      1      1      1
;;  2002-05-23/10:44:52.500        1      1      1      1      1      1
;;  2002-07-17/15:55:40.500        1      1      1      1      1      1
;;  2002-08-18/18:40:55.500        1      1      1      1      1      1
;;  2002-09-07/16:22:13.500        1      1      1      1      1      1
;;  2009-05-28/04:04:58.500        1      1      1      1      1      1
;;  2009-06-24/09:52:19.500        1      1      1      1      1      1
;;  2009-06-24/14:29:40.500        1      1      1      1      1      1
;;  2009-06-27/11:04:16.500        1      1      1      1      1      1
;;  2009-08-30/00:33:16.500        1      1      1      1      1      1
;;  2009-09-03/14:58:19.500        1      1      1      1      1      1
;;  2009-10-04/03:17:43.500        0      0      0      1      1      1
;;  2009-10-10/22:50:22.500        0      0      0      1      1      1
;;  2009-10-21/23:15:10.500        0      0      0      1      1      1
;;  2009-12-05/05:26:01.500        0      0      0      1      1      1
;;  2010-01-11/08:38:34.500        0      0      0      1      1      1
;;  2010-01-30/01:28:31.500        0      0      0      1      1      1
;;  2010-02-10/23:57:55.500        0      0      0      1      1      1
;;  2010-02-15/17:39:22.500        0      0      0      1      1      1
;;  2010-03-24/12:04:25.500        0      0      0      1      1      1
;;  2010-04-11/12:20:55.500        0      0      0      1      1      1
;;  2011-06-04/20:06:25.500        1      1      1      1      1      1
;;  2011-08-04/21:20:28.500        1      1      1      1      1      1
;;  2011-10-24/17:39:58.500        1      1      1      1      0      0
;;  2011-12-18/17:58:19.500        1      1      1      1      1      1
;;  2011-12-28/10:16:07.500        1      1      1      1      1      1
;;  2012-01-24/14:40:04.500        1      1      1      1      1      1
;;  2012-04-19/17:13:31.500        1      1      1      1      1      1
;;  2012-04-23/02:15:10.500        1      1      1      1      1      1
;;  2012-07-14/17:39:07.500        1      1      1      1      1      1
;;  2012-09-03/11:21:49.500        1      1      1      1      1      1
;;  2012-11-23/20:51:22.500        1      1      1      1      1      1
