;;  Shock List from CfA Interplantary Shock Database at:
;;    https://www.cfa.harvard.edu/shocks/wi_data/
;;
;;  TRUE for any instrument if at least 2 VDFs found within ±2 hours of ramp
;;
;;      Date  /  Time             PLB    PHB    ELB    EHB    SFB    SOB
;;=========================================================================
;;  1995-01-01/19:36:01.500        0      0      0      0      0      0
;;  1995-02-26/02:55:37.500        1      1      1      0      1      1
;;  1995-03-04/00:36:58.500        0      0      0      0      0      0
;;  1995-03-23/09:37:22.500        0      0      0      0      0      0
;;  1995-04-17/23:33:04.500        0      0      0      0      0      0
;;  1995-07-22/05:35:43.500        0      0      0      0      0      0
;;  1995-07-24/02:23:16.500        1      1      1      0      1      1
;;  1995-08-17/02:47:19.500        1      1      1      0      1      1
;;  1995-08-22/12:56:46.500        1      1      1      0      1      1
;;  1995-08-24/22:11:04.500        0      0      0      0      0      0
;;  1995-09-14/21:24:55.500        0      0      0      0      0      0
;;  1995-10-17/13:03:46.500        0      0      0      0      0      0
;;  1995-10-18/10:40:40.000        1      1      0      0      1      1
;;  1995-10-22/21:20:16.500        0      0      0      0      0      0
;;  1995-12-15/04:36:52.500        0      0      0      0      0      0
;;  1995-12-24/05:57:34.500        1      1      1      0      1      1
;;  1996-02-06/19:14:22.500        1      1      1      0      1      1
;;  1996-02-21/22:14:37.500        0      0      0      0      0      0
;;  1996-03-02/20:31:49.500        0      0      0      0      0      0
;;  1996-04-02/10:07:55.500        1      1      1      0      1      1
;;  1996-04-03/09:47:16.500        1      1      1      0      1      1
;;  1996-04-08/02:41:10.500        1      1      1      0      1      1
;;  1996-04-08/13:08:58.500        1      1      1      0      1      1
;;  1996-06-18/22:35:55.500        0      0      0      0      0      0
;;  1996-07-28/12:14:46.500        0      0      0      0      0      0
;;  1996-08-12/22:11:52.500        0      0      0      0      0      0
;;  1996-08-16/07:45:22.500        0      0      0      0      0      0
;;  1996-11-11/15:12:16.500        0      0      0      0      0      0
;;  1996-12-02/10:00:58.500        0      0      0      0      0      0
;;  1997-01-05/03:20:46.500        0      0      0      0      0      0
;;  1997-01-10/00:52:04.500        0      0      0      0      0      0
;;  1997-02-09/12:50:25.500        1      1      1      0      1      1
;;  1997-02-27/17:29:07.500        1      1      1      0      1      1
;;  1997-03-05/12:54:43.500        0      0      0      0      0      0
;;  1997-03-15/22:30:31.500        0      0      0      0      0      0
;;  1997-03-20/19:42:22.500        0      0      0      0      0      0
;;  1997-04-10/12:58:34.500        0      0      0      0      0      0
;;  1997-04-16/12:21:25.500        0      0      0      0      0      0
;;  1997-04-30/18:05:43.500        0      0      0      0      0      0
;;  1997-05-01/12:02:55.500        0      0      0      0      0      0
;;  1997-05-15/01:15:22.500        1      1      1      0      1      1
;;  1997-05-20/05:10:49.500        1      1      1      0      1      1
;;  1997-05-25/13:49:55.500        0      0      0      0      0      0
;;  1997-05-26/09:09:07.500        0      0      0      0      0      0
;;  1997-08-05/04:59:04.500        0      0      0      0      0      0
;;  1997-09-02/22:37:37.500        0      0      0      0      0      0
;;  1997-09-03/08:38:40.500        0      0      0      0      0      0
;;  1997-10-10/15:57:07.500        0      0      0      0      0      0
;;  1997-10-24/11:18:07.500        1      1      1      0      1      1
;;  1997-11-01/06:14:43.500        0      0      0      0      0      0
;;  1997-11-09/10:03:52.500        0      0      0      0      0      0
;;  1997-11-09/22:22:58.500        0      0      0      0      0      0
;;  1997-11-22/09:12:52.500        0      0      0      0      0      0
;;  1997-11-30/07:15:43.500        1      1      1      0      1      1
;;  1997-12-10/04:33:13.500        1      1      1      0      1      1
;;  1997-12-23/01:09:04.500        0      0      0      0      0      0
;;  1997-12-30/01:13:43.500        1      1      1      0      1      1
;;  1998-01-06/13:29:01.500        1      1      1      0      1      1
;;  1998-01-24/04:37:28.500        0      0      0      0      0      0
;;  1998-01-31/15:53:46.500        1      1      1      0      1      1
;;  1998-02-18/07:48:43.500        0      0      0      0      0      0
;;  1998-03-04/11:02:46.500        1      1      1      0      1      1
;;  1998-04-07/16:53:34.500        1      1      1      0      1      1
;;  1998-04-23/17:29:01.500        1      1      1      0      1      1
;;  1998-04-30/08:43:07.500        1      1      1      0      0      0
;;  1998-05-01/21:21:25.500        0      0      0      0      0      0
;;  1998-05-03/17:02:19.500        1      1      1      0      1      1
;;  1998-05-15/13:53:46.500        1      1      1      0      1      1
;;  1998-05-29/15:12:04.500        0      0      0      0      0      0
;;  1998-06-13/19:18:10.500        1      1      1      0      1      1
;;  1998-08-06/07:16:07.500        1      1      1      0      1      1
;;  1998-08-10/00:31:16.500        0      0      0      0      0      0
;;  1998-08-19/18:40:40.500        1      1      1      0      1      1
;;  1998-08-22/02:11:16.500        0      0      0      0      0      0
;;  1998-08-26/06:40:28.500        1      1      1      0      1      1
;;  1998-09-24/23:20:37.500        1      1      1      0      1      1
;;  1998-10-02/07:06:04.500        1      1      1      0      1      1
;;  1998-10-23/12:58:22.500        1      1      1      0      1      1
;;  1998-11-08/04:41:16.500        1      1      1      0      1      1
;;  1998-11-12/07:18:25.500        0      0      0      0      0      0
;;  1998-12-26/09:56:37.500        0      0      0      0      0      0
;;  1998-12-28/18:20:16.500        1      1      1      0      1      1
;;  1999-01-13/10:47:58.500        1      1      1      0      1      1
;;  1999-01-22/20:21:46.500        1      1      1      0      1      1
;;  1999-02-17/07:12:13.500        0      0      0      0      0      0
;;  1999-02-18/02:48:19.500        1      1      1      0      1      1
;;  1999-02-28/21:42:52.500        0      0      0      0      0      0
;;  1999-03-10/01:33:01.500        0      0      0      0      0      0
;;  1999-04-16/11:14:01.500        1      1      1      0      1      1
;;  1999-05-18/00:32:40.500        1      1      1      0      1      1
;;  1999-06-26/02:31:43.500        0      0      0      0      0      0
;;  1999-06-26/19:30:58.500        1      1      1      0      1      1
;;  1999-07-02/00:27:22.500        1      1      1      0      1      1
;;  1999-07-06/14:24:55.500        1      1      1      0      1      1
;;  1999-07-26/23:50:16.500        1      1      1      0      1      1
;;  1999-08-04/01:44:37.500        1      1      1      0      1      1
;;  1999-08-15/10:33:46.500        1      1      1      0      1      1
;;  1999-08-23/12:11:13.500        0      0      0      0      0      0
;;  1999-08-23/15:41:34.500        1      1      1      0      1      1
;;  1999-09-12/03:57:55.500        1      1      1      1      1      1
;;  1999-09-15/07:43:46.500        1      1      1      1      1      1
;;  1999-09-15/20:08:40.500        0      0      0      0      0      0
;;  1999-09-22/12:09:25.500        1      1      1      1      1      1
;;  1999-10-21/02:20:52.500        1      1      1      1      1      1
;;  1999-11-05/20:03:10.500        0      0      0      0      0      0
;;  1999-11-13/12:48:58.500        0      0      0      0      0      0
;;  1999-12-12/15:54:28.500        1      1      1      1      1      1
;;  2000-02-05/15:26:28.500        0      0      0      0      0      0
;;  2000-02-11/02:35:13.500        0      0      0      0      0      0
;;  2000-02-11/23:34:13.500        1      1      1      1      1      1
;;  2000-02-14/07:13:01.500        0      0      0      0      0      0
;;  2000-02-20/21:03:46.500        1      1      1      1      1      1
;;  2000-04-06/16:32:13.500        1      1      1      1      1      1
;;  2000-04-24/09:13:25.500        0      0      0      0      0      0
;;  2000-05-23/23:42:19.500        0      0      0      0      0      0
;;  2000-06-08/09:05:37.500        0      0      0      0      0      0
;;  2000-06-23/12:57:58.500        0      0      0      0      0      0
;;  2000-07-13/09:43:49.500        1      1      1      1      1      1
;;  2000-07-13/09:59:10.500        1      1      1      1      1      1
;;  2000-07-19/15:30:22.500        0      0      0      0      0      0
;;  2000-07-26/19:00:13.500        0      0      0      0      0      0
;;  2000-07-28/06:38:46.500        1      1      1      1      1      1
;;  2000-08-10/05:13:22.500        0      0      0      0      0      0
;;  2000-08-11/18:49:34.500        1      1      1      1      1      1
;;  2000-09-04/13:13:43.500        0      0      0      0      0      0
;;  2000-09-15/04:27:40.500        0      0      0      0      0      0
;;  2000-09-30/11:16:55.500        0      0      0      0      0      0
;;  2000-10-03/01:02:25.500        0      0      0      0      0      0
;;  2000-10-05/03:28:40.500        1      1      1      1      1      1
;;  2000-10-12/22:33:52.500        1      1      1      1      1      1
;;  2000-10-28/06:38:49.500        0      0      0      0      0      0
;;  2000-10-28/09:30:43.500        0      0      0      0      0      0
;;  2000-10-31/17:09:58.500        1      1      1      1      0      0
;;  2000-11-04/02:25:46.500        0      0      0      0      0      0
;;  2000-11-06/09:30:04.500        0      0      0      0      0      0
;;  2000-11-10/06:19:31.500        0      0      0      0      0      0
;;  2000-11-11/04:12:34.500        0      0      0      0      0      0
;;  2000-11-26/05:32:10.500        0      0      0      0      0      0
;;  2000-11-26/11:43:28.500        0      0      0      0      0      0
;;  2000-11-28/05:25:58.500        0      0      0      0      0      0
;;  2000-12-03/03:59:16.500        0      0      0      0      0      0
;;  2000-12-22/19:39:07.500        0      0      0      0      0      0
;;  2001-01-02/13:03:04.500        0      0      0      0      0      0
;;  2001-01-04/01:14:31.500        0      0      0      0      0      0
;;  2001-01-10/16:09:10.500        0      0      0      0      0      0
;;  2001-01-13/02:25:37.500        0      0      0      0      0      0
;;  2001-01-17/04:07:52.500        0      0      0      0      0      0
;;  2001-01-17/16:22:01.500        0      0      0      0      0      0
;;  2001-01-23/10:49:37.500        0      0      0      0      0      0
;;  2001-01-31/08:35:19.500        0      0      0      0      0      0
;;  2001-02-13/04:28:34.500        0      0      0      0      0      0
;;  2001-03-03/11:29:16.500        0      0      0      0      0      0
;;  2001-03-19/11:33:28.500        0      0      0      0      0      0
;;  2001-03-22/13:59:07.500        0      0      0      0      0      0
;;  2001-03-27/02:00:55.500        0      0      0      0      0      0
;;  2001-03-27/18:07:49.500        0      0      0      0      0      0
;;  2001-03-29/05:33:04.500        0      0      0      0      0      0
;;  2001-03-31/01:14:40.500        0      0      0      0      0      0
;;  2001-04-04/14:39:46.500        0      0      0      0      0      0
;;  2001-04-07/17:56:58.500        0      0      0      0      0      0
;;  2001-04-08/11:20:46.500        0      0      0      0      0      0
;;  2001-04-11/14:09:16.500        0      0      0      0      0      0
;;  2001-04-11/16:17:58.500        0      0      0      0      0      0
;;  2001-04-18/00:49:49.500        0      0      0      0      0      0
;;  2001-04-21/15:29:13.500        0      0      0      0      0      0
;;  2001-04-28/05:00:16.500        0      0      0      0      0      0
;;  2001-05-06/09:06:07.500        0      0      0      0      0      0
;;  2001-05-12/10:03:13.500        0      0      0      0      0      0
;;  2001-05-27/14:45:43.500        0      0      0      0      0      0
;;  2001-06-07/09:25:28.500        0      0      0      0      0      0
;;  2001-06-18/02:07:52.500        0      0      0      0      0      0
;;  2001-08-03/07:18:43.500        0      0      0      0      0      0
;;  2001-08-12/11:09:22.500        0      0      0      0      0      0
;;  2001-08-12/16:12:46.500        0      0      0      0      0      0
;;  2001-08-17/11:01:40.500        1      1      1      1      1      1
;;  2001-08-27/19:38:25.500        1      1      1      1      1      1
;;  2001-08-30/13:58:22.500        0      0      0      0      0      0
;;  2001-08-31/01:25:04.500        0      0      0      0      0      0
;;  2001-09-13/02:31:28.500        0      0      0      0      0      0
;;  2001-09-14/01:59:40.500        0      0      0      0      0      0
;;  2001-09-25/20:17:16.500        1      1      1      1      1      1
;;  2001-09-29/09:29:25.500        0      0      0      0      0      0
;;  2001-09-30/19:14:52.500        0      0      0      0      0      0
;;  2001-10-08/13:05:25.500        0      0      0      0      0      0
;;  2001-10-11/16:50:55.500        1      1      1      1      1      1
;;  2001-10-14/17:38:40.601        0      0      0      0      0      0
;;  2001-10-21/16:40:43.500        1      1      1      1      1      1
;;  2001-10-25/08:59:28.500        1      1      1      1      0      0
;;  2001-10-28/03:13:46.500        1      1      1      1      1      1
;;  2001-10-31/13:47:10.500        1      1      1      1      1      1
;;  2001-11-19/18:15:31.500        0      0      0      0      0      0
;;  2001-11-24/04:54:40.500        1      1      1      1      1      1
;;  2001-11-24/05:51:55.500        1      1      1      1      1      1
;;  2001-11-30/18:15:46.500        0      0      0      0      0      0
;;  2001-12-21/14:10:16.500        0      0      0      0      0      0
;;  2001-12-23/23:32:25.500        0      0      0      0      0      0
;;  2001-12-29/05:17:01.500        0      0      0      0      0      0
;;  2001-12-30/20:05:07.500        1      1      1      1      1      1
;;  2002-01-17/05:26:55.500        0      0      0      0      0      0
;;  2002-01-31/21:38:10.500        1      1      1      1      1      1
;;  2002-02-17/03:32:58.500        0      0      0      0      0      0
;;  2002-02-28/05:06:34.500        0      0      0      0      0      0
;;  2002-03-18/13:14:04.500        1      1      1      1      1      1
;;  2002-03-23/11:24:07.500        0      0      0      0      0      0
;;  2002-03-29/22:15:13.500        0      0      0      0      0      0
;;  2002-04-14/12:56:01.500        0      0      0      0      0      0
;;  2002-04-17/11:01:37.500        1      1      1      1      1      1
;;  2002-04-19/08:25:19.500        1      1      1      1      1      1
;;  2002-04-23/05:00:22.500        1      1      1      1      1      1
;;  2002-05-11/10:30:28.500        0      0      0      0      0      0
;;  2002-05-18/19:45:49.500        1      1      1      1      1      1
;;  2002-05-20/03:35:34.500        0      0      0      0      0      0
;;  2002-05-21/21:14:16.500        0      0      0      0      0      0
;;  2002-05-23/10:44:52.500        1      1      1      1      1      1
;;  2002-05-30/02:20:16.500        0      0      0      0      0      0
;;  2002-06-29/21:10:25.500        0      0      0      0      0      0
;;  2002-07-17/15:55:40.500        1      1      1      1      1      1
;;  2002-08-01/23:09:07.500        0      0      0      0      0      0
;;  2002-08-18/18:40:55.500        1      1      1      1      1      1
;;  2002-08-20/13:50:40.500        0      0      0      0      0      0
;;  2002-09-07/16:22:13.500        1      1      1      1      1      1
;;  2002-09-30/07:54:25.500        0      0      0      0      0      0
;;  2002-10-02/22:41:04.500        0      0      0      0      0      0
;;  2002-11-09/17:24:49.500        0      0      0      0      0      0
;;  2002-11-09/18:27:49.500        0      0      0      0      0      0
;;  2002-11-20/10:49:40.500        0      0      0      0      0      0
;;  2003-05-29/18:31:07.500        0      0      0      0      0      0
;;  2003-05-30/15:53:40.500        0      0      0      0      0      0
;;  2003-06-18/04:42:04.500        0      0      0      0      0      0
;;  2003-11-04/06:46:04.500        0      0      0      0      0      0
;;  2003-11-20/08:35:55.500        0      0      0      0      0      0
;;  2004-04-12/18:27:49.000        0      0      0      0      0      0
;;  2004-07-22/09:45:21.398        0      0      0      0      0      0
;;  2004-07-24/05:32:45.500        0      0      0      0      0      0
;;  2004-07-26/22:25:23.898        0      0      0      0      0      0
;;  2004-08-29/09:09:46.300        0      0      0      0      0      0
;;  2004-11-07/17:59:05.199        0      0      0      0      0      0
;;  2004-11-09/09:25:32.500        0      0      0      0      0      0
;;  2004-11-09/18:25:58.898        0      0      0      0      0      0
;;  2005-01-08/00:15:34.500        0      0      0      0      0      0
;;  2005-01-16/09:27:22.500        0      0      0      0      0      0
;;  2005-01-17/07:15:19.500        0      0      0      0      0      0
;;  2005-04-29/15:08:58.500        0      0      0      0      0      0
;;  2005-05-06/12:08:37.500        0      0      0      0      0      0
;;  2005-05-07/18:26:16.500        0      0      0      0      0      0
;;  2005-05-15/02:10:40.500        0      0      0      0      0      0
;;  2005-05-28/03:23:25.500        0      0      0      0      0      0
;;  2005-05-29/08:59:31.500        0      0      0      0      0      0
;;  2005-06-14/17:55:40.500        0      0      0      0      0      0
;;  2005-06-16/08:09:10.500        0      0      0      0      0      0
;;  2005-07-10/02:42:31.500        0      0      0      0      0      0
;;  2005-07-16/01:40:58.500        0      0      0      0      0      0
;;  2005-07-16/16:10:04.500        0      0      0      0      0      0
;;  2005-07-17/00:52:55.500        0      0      0      0      0      0
;;  2005-08-01/06:00:52.500        0      0      0      0      0      0
;;  2005-08-13/01:49:43.500        0      0      0      0      0      0
;;  2005-08-24/05:35:22.500        0      0      0      0      0      0
;;  2005-08-24/08:24:22.500        0      0      0      0      0      0
;;  2005-09-02/13:50:13.500        0      0      0      0      0      0
;;  2005-09-09/13:33:01.500        0      0      0      0      0      0
;;  2005-09-11/00:57:55.500        0      0      0      0      0      0
;;  2005-09-12/06:00:49.500        0      0      0      0      0      0
;;  2005-09-15/08:36:31.500        0      0      0      0      0      0
;;  2005-09-15/08:39:07.000        0      0      0      0      0      0
;;  2005-10-24/21:52:52.500        0      0      0      0      0      0
;;  2005-12-30/23:45:19.500        0      0      0      0      0      0
;;  2006-01-01/13:26:19.500        0      0      0      0      0      0
;;  2006-07-09/20:40:10.500        0      0      0      0      0      0
;;  2006-08-15/16:25:16.500        0      0      0      0      0      0
;;  2006-08-17/06:33:22.500        0      0      0      0      0      0
;;  2006-08-18/15:52:22.500        0      0      0      0      0      0
;;  2006-08-19/09:38:49.500        0      0      0      0      0      0
;;  2006-08-19/10:57:34.500        0      0      0      0      0      0
;;  2006-09-03/23:36:31.500        0      0      0      0      0      0
;;  2006-10-27/01:29:07.500        0      0      0      0      0      0
;;  2006-11-03/09:37:16.500        0      0      0      0      0      0
;;  2006-11-09/11:53:19.500        0      0      0      0      0      0
;;  2006-12-14/13:51:31.500        0      0      0      0      0      0
;;  2006-12-16/17:34:22.500        0      0      0      0      0      0
;;  2007-02-12/09:00:55.500        0      0      0      0      0      0
;;  2007-05-07/07:02:43.500        0      0      0      0      0      0
;;  2007-07-20/03:27:19.500        0      0      0      0      0      0
;;  2007-08-22/04:34:01.500        0      0      0      0      0      0
;;  2007-09-20/09:23:01.500        0      0      0      0      0      0
;;  2007-10-25/10:42:43.500        0      0      0      0      0      0
;;  2007-11-18/21:21:25.500        0      0      0      0      0      0
;;  2007-11-18/21:21:28.500        0      0      0      0      0      0
;;  2007-11-19/17:22:07.500        0      0      0      0      0      0
;;  2007-11-19/17:22:10.500        0      0      0      0      0      0
;;  2007-12-17/01:53:19.500        0      0      0      0      0      0
;;  2008-04-30/15:02:13.500        0      0      0      0      0      0
;;  2008-05-28/01:17:37.500        0      0      0      0      0      0
;;  2008-06-24/19:10:40.500        0      0      0      0      0      0
;;  2008-09-14/18:13:01.500        0      0      0      0      0      0
;;  2008-11-24/22:29:07.500        0      0      0      0      0      0
;;  2009-01-14/00:18:37.500        0      0      0      0      0      0
;;  2009-02-03/19:21:01.500        0      0      0      0      0      0
;;  2009-02-10/12:09:22.500        0      0      0      0      0      0
;;  2009-03-03/05:04:43.500        0      0      0      0      0      0
;;  2009-04-23/23:41:55.500        0      0      0      0      0      0
;;  2009-05-28/04:04:58.500        1      1      1      1      1      1
;;  2009-06-24/09:52:19.500        1      1      1      1      1      1
;;  2009-06-24/14:29:40.500        1      1      1      1      1      1
;;  2009-06-27/11:04:16.500        1      1      1      1      1      1
;;  2009-08-30/00:33:16.500        1      1      1      1      1      1
;;  2009-09-03/14:58:19.500        1      1      1      1      1      1
;;  2009-10-04/03:17:43.500        0      0      0      1      1      1
;;  2009-10-10/22:50:22.500        0      0      0      1      1      1
;;  2009-10-21/23:15:10.500        0      0      0      1      1      1
;;  2009-12-05/05:26:01.500        0      0      0      1      1      1
;;  2010-01-11/08:38:34.500        0      0      0      1      1      1
;;  2010-01-30/01:28:31.500        0      0      0      1      1      1
;;  2010-02-10/23:57:55.500        0      0      0      1      1      1
;;  2010-02-15/17:39:22.500        0      0      0      1      1      1
;;  2010-03-24/12:04:25.500        0      0      0      1      1      1
;;  2010-04-11/12:20:55.500        0      0      0      1      1      1
;;  2010-08-03/17:05:01.500        0      0      0      0      0      0
;;  2010-12-19/20:35:25.500        0      0      0      0      0      0
;;  2011-02-04/01:50:55.500        0      0      0      0      0      0
;;  2011-02-14/15:06:49.500        0      0      0      0      0      0
;;  2011-02-18/00:49:04.500        0      0      0      0      0      0
;;  2011-02-20/11:41:19.500        0      0      0      0      0      0
;;  2011-04-18/05:46:49.500        0      0      0      0      0      0
;;  2011-06-04/20:06:25.500        1      1      1      1      1      1
;;  2011-06-07/09:14:37.500        0      0      0      0      0      0
;;  2011-07-11/08:27:25.500        0      0      0      0      0      0
;;  2011-08-04/21:20:28.500        1      1      1      1      1      1
;;  2011-08-05/17:32:16.500        0      0      0      0      0      0
;;  2011-08-05/18:40:43.500        0      0      0      0      0      0
;;  2011-09-16/18:57:07.500        0      0      0      0      0      0
;;  2011-09-17/02:57:10.500        0      0      0      0      0      0
;;  2011-09-25/10:46:31.500        0      0      0      0      0      0
;;  2011-09-26/11:44:16.500        0      0      0      0      0      0
;;  2011-10-05/06:46:10.500        0      0      0      0      0      0
;;  2011-10-24/17:39:58.500        1      1      1      1      0      0
;;  2011-10-30/08:40:15.699        0      0      0      0      0      0
;;  2011-11-01/08:08:43.500        0      0      0      0      0      0
;;  2011-11-04/20:27:52.500        0      0      0      0      0      0
;;  2011-11-11/03:01:25.500        0      0      0      0      0      0
;;  2011-11-28/21:00:07.500        0      0      0      0      0      0
;;  2011-12-18/17:58:19.500        1      1      1      1      1      1
;;  2011-12-28/10:16:07.500        1      1      1      1      1      1
;;  2012-01-02/01:12:52.500        0      0      0      0      0      0
;;  2012-01-21/04:02:01.500        0      0      0      0      0      0
;;  2012-01-22/05:33:01.500        0      0      0      0      0      0
;;  2012-01-24/14:40:04.500        1      1      1      1      1      1
;;  2012-01-30/15:43:13.500        0      0      0      0      0      0
;;  2012-02-26/20:58:43.500        0      0      0      0      0      0
;;  2012-03-07/03:28:37.500        0      0      0      0      0      0
;;  2012-04-19/17:13:31.500        1      1      1      1      1      1
;;  2012-04-23/02:15:10.500        1      1      1      1      1      1
;;  2012-05-20/01:20:40.500        0      0      0      0      0      0
;;  2012-05-21/18:31:31.500        0      0      0      0      0      0
;;  2012-06-16/09:03:31.500        0      0      0      0      0      0
;;  2012-06-16/19:34:37.500        0      0      0      0      0      0
;;  2012-07-14/17:39:07.500        1      1      1      1      1      1
;;  2012-08-10/04:11:07.500        0      0      0      0      0      0
;;  2012-09-03/11:21:49.500        1      1      1      1      1      1
;;  2012-09-04/22:02:31.500        0      0      0      0      0      0
;;  2012-09-30/10:14:55.500        0      0      0      0      0      0
;;  2012-09-30/22:18:37.500        0      0      0      0      0      0
;;  2012-10-08/04:12:13.500        0      0      0      0      0      0
;;  2012-10-31/14:28:22.500        0      0      0      0      0      0
;;  2012-11-12/22:12:40.500        0      0      0      0      0      0
;;  2012-11-23/20:51:22.500        1      1      1      1      1      1
;;  2012-11-26/04:32:49.500        0      0      0      0      0      0
;;  2012-12-14/19:06:13.500        0      0      0      0      0      0
