13.1783
13.2520
13.2494
13.2454
13.3226
13.3916
13.4410
13.5226
13.5363
13.5684
13.6526
13.7626
13.8211
13.7790
13.7406
13.6819
13.6327
13.6259
13.6847
13.6752
13.5797
13.5021
13.3958
13.3982
13.4456
13.4206
13.3750
13.3264
13.2994
13.2424
13.1491
13.1853
13.2156
13.2705
13.3374
13.3325
13.4510
13.5441
13.5417
13.5188
13.5082
13.4804
13.5311
13.5597
13.5177
13.5255
13.5462
13.3921
13.2866
13.2095
13.1966
13.2982
13.4600
13.5700
13.7330
13.8952
13.9749
13.9630
14.0223
14.1093
14.2116
14.2539
14.2472
14.2585
14.2863
14.3507
14.4550
14.5247
14.5879
14.6093
14.6848
14.6069
14.5549
14.4102
14.2117
14.0305
13.8974
13.8809
13.8347
13.7099
13.5353
13.3567
13.1172
12.9801
12.9400
13.0392
13.2614
13.6535
13.8630
13.9651
14.1968
14.3055
14.2664
14.2926
14.2081
14.2072
14.2365
14.0790
13.9938
14.0319
14.0472
14.2394
14.3807
14.4528
14.3975
14.5385
14.6275
14.7163
14.7676
14.7956
14.5986
14.2696
13.9159
13.5615
13.5045
13.3797
13.2172
13.0710
12.9567
12.8376
12.6974
12.4578
12.2416
12.1859
12.2338
12.2682
12.1781
11.9648
12.0091
12.2051
12.4080
12.3275
12.0283
11.9389
12.0331
12.7490
13.8447
14.5483
15.0392
15.3523
15.1400
14.9628
14.6335
14.0506
13.4997
12.8928
12.5534
12.2713
12.0653
12.3559
12.6313
12.9582
13.4451
13.5856
13.6114
13.4369
13.3555
12.7073
12.1784
11.2723
9.69283
8.59113
8.02520
7.15531
6.38045
6.00365
5.58009
5.16897
5.09179
5.06299
4.82248
4.62634
4.52927
4.73365
5.18220
5.00002
4.56479
4.38878
4.57014
6.11331
7.46999
9.84316
10.8146
10.2834
10.4269
11.7323
12.4921
13.6336
15.5272
15.8372
15.1212
16.5095
19.0394
19.3186
22.0655
24.3166
25.7833
27.3894
27.8159
28.0948
28.8553
29.9218
29.8984
29.3268
29.2098
27.4343
26.4718
26.0205
26.3292
25.6024
24.7696
24.1803
24.1642
23.3735
22.5431
21.8722
20.7823
20.2352
20.1832
21.5986
23.3163
24.3906
24.2517
22.5861
20.8413
20.5233
20.2482
20.5839
21.5496
21.4026
20.7854
20.5104
20.1286
19.7412
19.3982
20.0702
20.7481
21.0890
19.7764
17.6635
18.4293
17.7924
19.2944
17.7745
14.6728
10.3598
7.66059
6.02981
5.66240
6.71733
7.46015
8.23086
10.9585
14.1636
16.6421
15.5393
17.3923
18.1603
18.7515
18.5402
16.1843
13.8837
8.68409
7.18356
3.71880
4.18534
8.19201
14.5638
15.8402
13.6438
9.72307
2.91180
3.30803
4.41173
9.30541
10.8719
9.34578
8.46285
7.58252
12.3803
20.5984
13.7367
5.70512
3.29682
4.32928
7.35865
10.5478
9.03912
10.4093
13.8606
16.8926
17.8702
21.3959
27.7157
29.1178
27.8131
26.6518
26.3517
29.1377
29.3240
26.8704
15.1518
9.27741
7.21861
4.88368
4.14149
3.83389
3.41767
1.99114
.764724
1.05269
2.93548
4.51035
5.24205
2.74318
1.79558
1.52949
2.25339
3.26125
2.53536
2.15220
3.31072
4.67017
4.88124
6.20054
7.48012
8.00502
6.80455
6.17826
5.67461
5.31111
5.21030
4.29693
3.63645
3.82914
4.12666
3.50659
3.28200
3.45034
3.41413
3.21492
3.54523
3.90760
3.90833
3.41745
3.21142
3.94234
4.52775
5.47278
5.88233
5.80321
5.85040
5.81807
5.84371
6.09377
6.54211
6.41395
6.34024
6.16550
6.78659
7.47043
8.04477
8.27796
8.78146
8.99003
9.14626
9.61078
10.2304
10.7465
10.9641
10.9792
10.7600
11.2082
12.1464
12.9501
13.4635
13.3763
13.4821
13.4402
13.9741
13.8761
13.6910
13.5108
13.3862
13.1189
12.6542
12.2834
12.0346
11.7638
10.8566
10.4448
10.0717
9.01445
8.12961
7.28031
6.38529
6.87805
7.84649
8.00459
7.68075
7.54250
8.05529
8.13872
7.75161
7.81596
8.29649
8.64655
8.89984
8.94605
8.78079
8.51822
8.10952
8.69458
9.22790
8.78096
8.66718
8.89156
10.2286
11.9888
12.6309
13.9893
14.4130
15.6447
15.8755
16.5099
16.9058
17.5082
18.1745
18.1056
18.0342
18.0554
18.2178
17.9589
17.4793
17.9214
18.2657
18.2513
18.0505
17.6717
17.2357
17.2271
16.0941
14.9773
14.1491
13.5980
12.9225
12.4126
11.6693
10.7292
9.92029
9.43072
8.69388
8.16727
7.95950
7.61751
7.10053
6.87276
6.86655
7.11610
6.56824
5.43628
6.32852
8.59168
8.77457
9.38872
10.1791
11.3415
12.3296
13.0601
13.9163
14.5735
15.7082
16.9633
18.0926
19.1706
20.2360
19.0728
15.9667
14.2113
13.9231
15.2572
15.9112
17.1640
17.0820
18.5071
19.3970
19.3384
19.0250
18.8018
19.1623
18.6802
18.1235
17.3069
16.0597
15.0929
14.3368
13.3050
12.6884
12.8959
13.8793
14.2748
14.8456
15.8199
15.9498
16.5169
18.0653
18.6131
18.3789
17.7243
17.9092
18.3824
18.5161
18.8157
19.1253
18.8549
19.0101
18.3942
18.1143
17.0064
15.5430
15.3990
17.0867
16.9257
16.7749
14.8545
14.5526
13.4058
13.7135
15.6150
16.9083
19.9603
23.8385
25.3556
25.4858
26.6264
27.9932
28.5200
28.9426
29.2740
29.3988
29.3100
28.5695
27.6220
26.7912
25.2685
24.0079
23.3848
22.3866
21.2415
20.7557
20.7487
20.4087
20.3157
20.4913
20.8517
20.3870
20.1915
20.3461
20.3866
20.0132
20.2629
20.8487
20.3443
19.6136
19.2072
19.3098
19.1491
18.8645
18.9007
20.7429
20.5126
20.2923
22.5791
23.3041
23.7193
24.4421
24.3289
25.1690
26.1165
26.3065
25.7419
24.7328
24.4314
24.8933
25.1331
24.7240
24.9330
24.2945
23.8336
23.9651
24.6626
24.3177
24.3481
25.1481
26.0108
25.6932
25.2681
24.9996
26.2128
26.3441
27.4228
28.7493
29.0420
29.4538
29.6085
30.0590
30.0459
27.5576
23.1555
20.3521
18.5219
16.1410
14.0451
17.7763
21.6797
23.3938
24.2606
24.6429
23.8981
22.7379
20.7285
19.7183
18.3292
17.2127
15.3405
14.0701
12.9515
12.4239
12.3832
12.7642
13.2292
13.5474
12.6462
11.5319
11.3546
12.1615
13.4841
12.8706
13.9341
15.5059
15.1102
14.4095
14.6312
15.3490
15.7554
16.1632
17.3413
17.5274
17.1258
19.0619
19.7763
18.5973
20.1113
20.9257
21.0859
21.1128
21.3663
21.7569
22.2680
23.3267
22.6779
22.0783
22.6023
22.7330
22.6763
22.8977
23.1901
23.0784
22.8950
22.6162
22.2767
22.0059
21.9361
22.0310
22.1035
21.9314
21.7345
21.8560
22.0252
22.0579
22.0708
22.0237
21.7479
21.8919
22.1078
21.7843
21.7804
21.7219
21.7056
22.0115
21.9687
22.3949
22.7931
22.9441
23.4523
23.9208
23.8678
23.7967
23.8893
23.9511
24.2595
24.4457
24.5657
25.1127
25.6957
25.8001
26.3192
26.6821
26.7357
26.6375
26.4952
26.4594
26.4119
26.3610
26.2289
26.1247
25.9626
25.6125
25.3527
25.0964
24.8797
24.7451
25.1353
25.2458
25.0538
24.5952
22.8129
21.9597
21.7617
22.5175
23.9265
25.0462
25.8200
26.4550
26.8006
26.5924
26.2168
25.3495
23.8828
23.9361
25.5064
27.2170
27.4603
27.0870
26.2212
25.7022
25.5278
25.2394
24.9596
24.7516
24.0884
23.6181
23.0883
22.8252
22.3665
21.6714
21.4464
21.2663
20.8586
20.6780
20.5054
20.4382
20.3352
20.3317
20.1042
20.1085
20.0914
20.0479
19.9796
20.1687
19.9457
19.7419
19.9138
20.1250
20.1527
20.2064
20.2306
20.3778
20.4576
20.6100
20.5147
20.3296
20.4656
20.3947
20.3056
20.8502
21.1830
20.8243
20.2510
19.7949
19.7374
19.6131
19.9933
20.1485
19.5025
19.1945
19.2569
19.4133
19.5891
19.2465
19.1711
19.0085
18.8273
18.5089
18.6575
18.3131
18.4871
18.2705
18.1652
17.9302
17.8855
17.8319
17.7658
17.5554
17.8923
17.9823
17.6432
17.5566
17.5811
17.6914
17.7998
17.6218
17.4697
17.5247
17.1983
16.7889
16.7665
16.6644
16.8357
17.0628
17.2414
17.3008
17.2530
17.1402
16.9811
16.8658
17.2281
17.6250
17.7832
17.6983
18.0004
18.0840
18.0086
18.0828
18.1876
18.2975
18.5188
18.6784
18.7991
18.9428
18.9999
18.8830
18.9077
19.0374
19.2685
19.2660
19.3418
19.5863
19.6039
19.5004
19.2688
19.1983
19.1104
19.4269
19.7158
19.6128
19.6949
19.7735
19.8535
19.8952
20.2646
20.1698
20.2113
20.1398
20.1440
20.0844
20.0154
19.9966
20.0332
20.1739
20.1632
20.3483
20.5027
20.5678
20.7232
20.8458
20.9810
21.0661
20.9167
20.8986
20.8500
20.8252
21.0186
20.8843
20.7312
20.6850
20.3926
20.1331
20.0967
20.4893
20.2214
19.4910
19.6307
19.8672
19.2118
19.5302
19.7031
19.8912
19.6727
19.7794
19.9093
19.9179
20.0021
20.4388
20.1655
20.6744
20.7420
20.6236
20.6330
20.5728
20.3106
20.0683
19.8177
19.6231
19.5844
20.1847
20.0365
20.0942
19.9191
20.0942
19.6050
19.4624
19.6442
19.0826
19.3203
19.2245
19.1280
19.4312
19.1354
18.6950
18.7762
19.0654
19.1244
19.4180
19.6571
19.4945
20.0593
20.3070
20.1380
20.1746
19.8980
20.1441
19.4361
19.0079
18.9811
19.4394
19.6269
19.4717
19.3072
19.0122
18.9440
19.2850
18.7956
18.6801
18.8166
18.7508
18.5509
18.7003
18.8143
18.8530
19.0102
18.6876
18.4530
19.0036
19.5386
19.2303
19.0166
19.2028
18.7239
18.7029
18.6806
18.8041
18.9600
19.0068
19.2574
19.5875
20.1702
20.3135
19.6746
19.7481
20.1760
19.9575
20.1444
20.1999
20.1923
20.1938
20.1225
19.7457
19.4928
18.8876
18.5313
18.4717
18.4427
18.6200
18.9601
18.9763
19.1455
19.2673
19.5847
19.7261
19.8631
19.7217
19.8861
20.0257
20.2621
20.5598
20.7688
20.3260
20.0056
20.2804
20.6879
21.1322
21.1803
21.2371
21.2367
21.3036
21.4717
21.5436
21.6845
21.6836
21.6601
21.2542
21.0419
20.9969
21.4481
21.6233
22.2551
22.3979
22.2529
21.8880
21.7722
21.4775
21.3421
21.3445
21.1376
20.2284
19.9931
19.7355
20.2256
19.9919
19.9502
19.8632
19.8296
19.8918
20.3605
19.9290
19.7602
20.0145
20.1208
20.3672
19.9151
19.4317
19.2351
19.3220
19.5912
19.7468
19.9092
20.1113
20.4265
20.6599
20.7919
20.8487
21.0826
21.2388
21.3646
21.3709
21.3651
22.0026
22.2136
22.8705
23.3221
23.4774
23.5086
23.6137
23.8574
24.0717
24.0394
23.8875
23.7638
23.6826
23.6672
23.4265
23.1888
23.1078
22.9736
22.9115
22.9225
22.9260
23.1911
23.5094
23.8044
23.8293
23.8716
23.6852
23.4309
23.3394
23.2731
23.2779
23.2682
23.3630
23.7218
24.1024
24.1698
24.0148
23.9811
24.3472
24.7835
24.7580
24.5006
24.1338
23.9381
23.8321
23.5771
23.3250
23.3344
23.3066
23.3366
23.6527
23.7291
23.8550
24.1169
24.2150
24.3126
24.4686
24.4872
24.4996
24.5826
24.4880
24.1937
23.7293
23.7690
23.9883
24.3380
24.7368
25.1905
25.3482
25.3395
24.9737
24.8166
24.6285
24.6694
24.8801
24.9234
24.8630
24.7634
24.8425
24.7573
24.9440
25.1809
25.3955
25.4641
25.5825
25.4738
25.3535
25.4609
25.3385
25.2379
25.0380
25.1712
25.2850
25.1993
25.1395
25.1548
25.1582
25.1890
25.0348
24.7512
24.2662
23.8588
23.7608
23.6782
23.3846
23.1909
23.3507
23.3668
23.2702
23.3680
23.2921
22.9534
23.0078
23.2171
23.0290
23.2753
23.3534
23.1239
23.5930
23.2878
22.8647
23.4722
23.3663
23.4895
23.4563
23.2628
23.5366
23.1097
23.5149
23.3055
23.2539
23.1517
23.1029
23.4036
23.4588
23.6191
23.7067
23.5900
23.5957
23.6333
23.5656
23.5073
23.7128
23.6692
23.4183
23.3531
23.5052
23.4948
23.4849
23.3416
23.2364
23.3352
23.4252
23.1077
22.8218
22.8012
23.0850
23.0713
22.8184
23.1303
22.9842
23.0200
23.1873
23.0704
23.1003
23.1866
22.8260
22.7681
22.9306
23.2204
23.5151
23.4418
23.4082
23.4386
23.2823
23.2573
23.4098
23.1240
22.9672
22.7127
22.4573
22.4480
22.6353
22.6558
22.7066
22.6622
22.6784
22.7145
22.8614
22.8748
22.9208
22.9940
23.0355
23.0310
23.1750
23.3044
23.3232
23.3860
23.5566
23.4871
23.4748
23.4981
23.5268
23.6639
23.6056
23.6086
23.6900
23.5355
23.5732
23.6175
23.5233
23.5620
23.5510
23.4517
23.5758
23.6656
23.5760
23.5182
23.5010
23.4778
23.3399
23.2592
23.1537
23.0596
23.0270
22.9856
23.0552
23.1876
23.3670
23.4172
23.4992
23.5527
23.8737
24.1412
24.1539
24.0548
23.9973
23.8765
23.6207
23.5777
23.5271
23.2272
22.9176
22.4238
21.9495
21.4768
21.1882
21.1630
20.9768
21.1623
21.1115
21.0876
21.1475
21.3291
21.5965
21.5301
21.6613
21.8070
21.5603
21.7199
21.6022
21.2823
21.0155
20.9577
20.7261
20.2068
19.7891
19.5534
19.2407
19.0263
19.0869
19.3616
19.4343
19.4944
19.5862
19.6351
19.6634
19.6583
19.5953
19.4996
19.5261
19.5551
19.6384
19.5090
19.3426
19.3627
19.4137
19.3919
19.2016
19.1617
19.4296
19.6785
19.9062
19.9935
20.1416
20.1454
20.0385
19.7809
19.5717
19.5641
19.6634
19.6780
19.5721
19.4044
19.4949
19.5355
19.5182
19.4494
19.4721
19.6641
19.9196
20.1172
19.9740
19.8300
19.8226
19.7564
19.7959
19.9239
20.0699
19.5514
19.0599
19.1681
19.4490
19.6124
19.8646
19.8791
19.8099
19.9138
19.9394
19.8357
19.6727
19.7053
19.8432
20.2152
20.9062
21.2619
21.8703
22.0898
22.2340
22.3647
22.3701
22.4849
22.4956
22.6950
22.8393
23.2204
23.1079
22.9285
22.9395
22.7538
22.7310
23.1668
23.2548
23.2233
23.1200
23.1338
23.4225
23.6695
23.4813
23.0609
22.4662
21.5680
20.9854
