           Start Time           Stop Time 
           1998 225  0.00000    1998 226  0.00000
Formats and units:
    Day/Time format: YY/MM/DD HH:MM:SS
    Degrees/Hemisphere format: Decimal degrees with 2 place(s).
        Longitude 0 to 360, latitude -90 to 90.
    Distance format: Kilometers with 3 place(s).

FORMAT='(a17,3f16.3,2f7.2,3f16.3,2f7.2,2f10.1)'

wind
       Time                           GSE (km)                         GSE                          GSM (km)                         GSM                DipInvLat
yy/mm/dd hh:mm:ss        X               Y               Z          Lat   Long         X               Y               Z          Lat   Long   DipL-Val   (Deg)  

98/08/13 00:00:00      321740.000      165147.250       -6516.158  -1.03  27.17      321740.000      162552.281      -29880.059  -4.74  26.80      57.2      82.4
98/08/13 00:12:00      321063.969      165209.406       -6490.626  -1.03  27.23      321063.969      162511.297      -30436.146  -4.83  26.85      57.0      82.3
98/08/13 00:24:00      320386.531      165271.078       -6465.069  -1.03  27.29      320386.531      162453.891      -31065.270  -4.94  26.89      56.8      82.3
98/08/13 00:36:00      319707.688      165332.172       -6439.478  -1.02  27.35      319707.688      162379.688      -31765.402  -5.06  26.93      56.6      82.3
98/08/13 00:48:00      319038.375      165371.938       -6413.862  -1.02  27.40      319038.375      162266.938      -32533.941  -5.19  26.96      56.5      82.3
98/08/13 01:00:00      318356.781      165431.984       -6388.210  -1.02  27.46      318356.781      162157.438      -33369.492  -5.34  26.99      56.3      82.3
98/08/13 01:12:00      317673.844      165491.609       -6362.531  -1.02  27.52      317673.844      162029.594      -34269.203  -5.49  27.02      56.2      82.3
98/08/13 01:24:00      316989.469      165550.562       -6336.824  -1.02  27.58      316989.469      161882.531      -35230.469  -5.65  27.05      56.1      82.3
98/08/13 01:36:00      316303.656      165609.078       -6311.086  -1.01  27.64      316303.656      161716.094      -36250.570  -5.83  27.08      56.0      82.3
98/08/13 01:48:00      315616.594      165666.906       -6285.315  -1.01  27.69      315616.594      161529.438      -37326.570  -6.01  27.10      55.9      82.3
98/08/13 02:00:00      314928.062      165724.234       -6259.514  -1.01  27.75      314928.062      161322.281      -38455.477  -6.20  27.12      55.8      82.3
98/08/13 02:12:00      314238.094      165780.953       -6233.687  -1.01  27.81      314238.094      161094.109      -39634.133  -6.40  27.14      55.7      82.3
98/08/13 02:24:00      313557.625      165816.609       -6207.828  -1.00  27.87      313557.625      160823.984      -40857.660  -6.61  27.15      55.6      82.3
98/08/13 02:36:00      312864.844      165872.250       -6181.937  -1.00  27.93      312864.844      160552.953      -42125.590  -6.83  27.17      55.5      82.2
98/08/13 02:48:00      312170.656      165927.344       -6156.017  -1.00  27.99      312170.656      160260.266      -43433.051  -7.06  27.17      55.5      82.2
98/08/13 03:00:00      311475.062      165981.859       -6130.067  -1.00  28.05      311475.062      159945.719      -44776.324  -7.29  27.18      55.4      82.2
98/08/13 03:12:00      310778.062      166035.656       -6104.088  -0.99  28.11      310778.062      159609.266      -46151.781  -7.53  27.18      55.3      82.2
98/08/13 03:24:00      310079.625      166088.984       -6078.077  -0.99  28.17      310079.625      159251.234      -47555.543  -7.77  27.18      55.3      82.2
98/08/13 03:36:00      309379.594      166141.906       -6052.040  -0.99  28.24      309379.594      158872.078      -48983.797  -8.02  27.18      55.3      82.2
98/08/13 03:48:00      308689.156      166173.734       -6025.969  -0.98  28.29      308689.156      158451.453      -50429.758  -8.27  27.17      55.2      82.2
98/08/13 04:00:00      307986.406      166225.266       -5999.869  -0.98  28.36      307986.406      158030.891      -51894.820  -8.53  27.16      55.2      82.2
98/08/13 04:12:00      307282.125      166276.297       -5973.737  -0.98  28.42      307282.125      157590.844      -53372.414  -8.79  27.15      55.1      82.2
98/08/13 04:24:00      306576.438      166326.641       -5947.577  -0.98  28.48      306576.438      157132.031      -54858.480  -9.05  27.14      55.1      82.2
98/08/13 04:36:00      305869.312      166376.469       -5921.382  -0.97  28.54      305869.312      156655.578      -56349.020  -9.31  27.12      55.1      82.2
98/08/13 04:48:00      305160.750      166425.500       -5895.161  -0.97  28.61      305160.750      156162.500      -57839.945  -9.58  27.10      55.0      82.2
98/08/13 05:00:00      304450.562      166474.016       -5868.907  -0.97  28.67      304450.562      155654.406      -59327.371  -9.84  27.08      55.0      82.2
98/08/13 05:12:00      303739.062      166521.906       -5842.626  -0.97  28.73      303739.062      155132.688      -60807.344 -10.11  27.06      54.9      82.2
98/08/13 05:24:00      303036.938      166549.406       -5816.314  -0.96  28.79      303036.938      154579.281      -62271.793 -10.37  27.03      54.9      82.2
98/08/13 05:36:00      302322.375      166596.078       -5789.969  -0.96  28.86      302322.375      154035.391      -63725.055 -10.64  27.00      54.8      82.2
98/08/13 05:48:00      301606.438      166642.078       -5763.593  -0.96  28.92      301606.438      153483.047      -65159.469 -10.90  26.97      54.8      82.2
98/08/13 06:00:00      300888.938      166687.453       -5737.191  -0.96  28.99      300888.938      152924.438      -66571.367 -11.16  26.94      54.7      82.2
98/08/13 06:12:00      300169.938      166732.234       -5710.754  -0.95  29.05      300169.938      152361.625      -67957.281 -11.41  26.91      54.6      82.2
98/08/13 06:24:00      299449.469      166776.328       -5684.288  -0.95  29.12      299449.469      151796.766      -69313.789 -11.67  26.88      54.6      82.2
98/08/13 06:36:00      298727.531      166819.719       -5657.793  -0.95  29.18      298727.531      151232.125      -70637.625 -11.91  26.85      54.5      82.2
98/08/13 06:48:00      298014.969      166842.984       -5631.264  -0.94  29.24      298014.969      150651.109      -71920.352 -12.15  26.82      54.4      82.2
98/08/13 07:00:00      297289.875      166885.297       -5604.708  -0.94  29.31      297289.875      150094.438      -73169.453 -12.39  26.79      54.3      82.2
98/08/13 07:12:00      296563.438      166926.688       -5578.121  -0.94  29.37      296563.438      149545.016      -74376.875 -12.62  26.76      54.2      82.1
98/08/13 07:24:00      295835.375      166967.562       -5551.503  -0.94  29.44      295835.375      149005.766      -75539.883 -12.85  26.73      54.1      82.1
98/08/13 07:36:00      295105.750      167007.719       -5524.853  -0.93  29.51      295105.750      148478.859      -76655.961 -13.06  26.71      53.9      82.1
98/08/13 07:48:00      294374.594      167047.281       -5498.173  -0.93  29.57      294374.594      147966.938      -77722.617 -13.27  26.69      53.8      82.1
98/08/13 08:00:00      293642.000      167086.000       -5471.461  -0.93  29.64      293642.000      147472.266      -78737.539 -13.48  26.67      53.7      82.1
98/08/13 08:12:00      292907.781      167124.141       -5444.722  -0.92  29.71      292907.781      146997.453      -79698.617 -13.67  26.65      53.5      82.1
98/08/13 08:24:00      292183.031      167142.391       -5417.952  -0.92  29.77      292183.031      146526.406      -80597.453 -13.85  26.63      53.4      82.1
98/08/13 08:36:00      291445.719      167179.172       -5391.150  -0.92  29.84      291445.719      146098.266      -81444.688 -14.03  26.62      53.3      82.1
98/08/13 08:48:00      290706.875      167215.156       -5364.314  -0.92  29.91      290706.875      145696.719      -82232.305 -14.19  26.62      53.1      82.1
98/08/13 09:00:00      289966.438      167250.609       -5337.449  -0.91  29.98      289966.438      145324.141      -82958.719 -14.35  26.62      53.0      82.1
98/08/13 09:12:00      289224.500      167285.172       -5310.553  -0.91  30.04      289224.500      144982.234      -83622.242 -14.49  26.62      52.8      82.0
98/08/13 09:24:00      288480.875      167319.188       -5283.627  -0.91  30.11      288480.875      144673.297      -84221.570 -14.63  26.63      52.7      82.0
98/08/13 09:36:00      287735.781      167352.266       -5256.672  -0.90  30.18      287735.781      144398.641      -84755.180 -14.75  26.65      52.5      82.0
98/08/13 09:48:00      287000.000      167365.984       -5229.685  -0.90  30.25      287000.000      144142.641      -85215.164 -14.86  26.67      52.4      82.0
98/08/13 10:00:00      286251.688      167397.766       -5202.668  -0.90  30.32      286251.688      143942.172      -85613.836 -14.96  26.70      52.2      82.0
98/08/13 10:12:00      285501.750      167428.797       -5175.619  -0.90  30.39      285501.750      143780.844      -85943.367 -15.05  26.73      52.1      82.0
98/08/13 10:24:00      284750.281      167459.125       -5148.539  -0.89  30.46      284750.281      143659.812      -86202.789 -15.12  26.77      51.9      82.0
98/08/13 10:36:00      283997.156      167488.578       -5121.425  -0.89  30.53      283997.156      143580.062      -86391.109 -15.19  26.82      51.8      82.0
98/08/13 10:48:00      283242.438      167517.344       -5094.286  -0.89  30.60      283242.438      143542.516      -86507.594 -15.24  26.88      51.6      82.0
98/08/13 11:00:00      282486.125      167545.344       -5067.113  -0.88  30.67      282486.125      143547.797      -86551.414 -15.28  26.94      51.5      81.9
98/08/13 11:12:00      281728.250      167572.547       -5039.906  -0.88  30.74      281728.250      143596.375      -86521.930 -15.30  27.01      51.4      81.9
98/08/13 11:24:00      280979.625      167580.703       -5012.674  -0.88  30.81      280979.625      143671.250      -86411.766 -15.31  27.08      51.3      81.9
98/08/13 11:36:00      280218.344      167606.500       -4985.409  -0.87  30.88      280218.344      143807.062      -86234.086 -15.31  27.17      51.2      81.9
98/08/13 11:48:00      279455.531      167631.422       -4958.112  -0.87  30.96      279455.531      143986.203      -85981.633 -15.30  27.26      51.1      81.9
98/08/13 12:00:00      278691.031      167655.594       -4930.786  -0.87  31.03      278691.031      144208.453      -85654.156 -15.27  27.36      51.0      81.9
98/08/13 12:12:00      277924.906      167679.031       -4903.426  -0.87  31.10      277924.906      144473.094      -85251.531 -15.23  27.47      50.9      81.9
98/08/13 12:24:00      277157.125      167701.578       -4876.039  -0.86  31.18      277157.125      144779.188      -84773.680 -15.17  27.58      50.8      81.9
98/08/13 12:36:00      276387.656      167723.344       -4848.616  -0.86  31.25      276387.656      145125.750      -84220.789 -15.10  27.70      50.7      81.9
98/08/13 12:48:00      275627.500      167726.359       -4821.166  -0.86  31.32      275627.500      145494.438      -83586.742 -15.01  27.83      50.6      81.9
98/08/13 13:00:00      274854.688      167746.578       -4793.683  -0.85  31.40      274854.688      145917.750      -82884.891 -14.91  27.96      50.6      81.9
98/08/13 13:12:00      274080.219      167765.906       -4766.170  -0.85  31.47      274080.219      146376.797      -82109.414 -14.80  28.11      50.5      81.9
98/08/13 13:24:00      273304.094      167784.453       -4738.625  -0.85  31.55      273304.094      146869.672      -81261.188 -14.68  28.25      50.5      81.9
98/08/13 13:36:00      272526.219      167802.250       -4711.048  -0.84  31.62      272526.219      147394.203      -80341.367 -14.54  28.41      50.4      81.9
98/08/13 13:48:00      271746.688      167819.016       -4683.444  -0.84  31.70      271746.688      147947.750      -79351.234 -14.38  28.57      50.4      81.9
98/08/13 14:00:00      270965.438      167835.094       -4655.806  -0.84  31.77      270965.438      148528.031      -78292.539 -14.22  28.73      50.4      81.9
98/08/13 14:12:00      270182.500      167850.219       -4628.138  -0.83  31.85      270182.500      149132.016      -77167.094 -14.04  28.90      50.4      81.9
98/08/13 14:24:00      269408.781      167847.000       -4600.439  -0.83  31.92      269408.781      149739.969      -75971.820 -13.85  29.07      50.3      81.9
98/08/13 14:36:00      268622.438      167860.438       -4572.706  -0.83  32.00      268622.438      150382.641      -74720.070 -13.64  29.24      50.3      81.9
98/08/13 14:48:00      267834.312      167873.094       -4544.944  -0.82  32.08      267834.312      151040.141      -73409.219 -13.43  29.42      50.3      81.9
98/08/13 15:00:00      267044.469      167884.875       -4517.149  -0.82  32.16      267044.469      151709.062      -72042.359 -13.20  29.60      50.3      81.9
98/08/13 15:12:00      266252.938      167895.641       -4489.325  -0.82  32.24      266252.938      152385.984      -70623.070 -12.96  29.78      50.3      81.9
98/08/13 15:24:00      265459.562      167905.688       -4461.471  -0.81  32.31      265459.562      153067.938      -69155.125 -12.72  29.97      50.3      81.9
98/08/13 15:36:00      264664.531      167914.781       -4433.584  -0.81  32.39      264664.531      153751.438      -67642.641 -12.46  30.15      50.3      81.9
98/08/13 15:48:00      263878.688      167905.609       -4405.667  -0.81  32.47      263878.688      154416.141      -66086.000 -12.20  30.34      50.3      81.9
98/08/13 16:00:00      263080.094      167912.906       -4377.717  -0.80  32.55      263080.094      155093.156      -64498.285 -11.93  30.52      50.3      81.9
98/08/13 16:12:00      262279.750      167919.312       -4349.737  -0.80  32.63      262279.750      155762.312      -62880.207 -11.65  30.71      50.3      81.9
98/08/13 16:24:00      261477.578      167924.766       -4321.726  -0.80  32.71      261477.578      156420.656      -61237.023 -11.36  30.89      50.3      81.8
98/08/13 16:36:00      260673.688      167929.281       -4293.685  -0.79  32.79      260673.688      157065.625      -59574.113 -11.08  31.07      50.2      81.8
98/08/13 16:48:00      259867.922      167932.938       -4265.611  -0.79  32.87      259867.922      157694.594      -57897.184 -10.78  31.25      50.2      81.8
98/08/13 17:00:00      259060.469      167935.578       -4237.507  -0.79  32.95      259060.469      158305.188      -56211.914 -10.49  31.43      50.2      81.8
98/08/13 17:12:00      258251.172      167937.172       -4209.373  -0.78  33.04      258251.172      158895.297      -54524.242 -10.19  31.60      50.2      81.8
98/08/13 17:24:00      257451.031      167921.094       -4181.206  -0.78  33.11      257451.031      159446.422      -52837.582  -9.90  31.77      50.1      81.8
98/08/13 17:36:00      256638.125      167920.938       -4153.007  -0.78  33.20      256638.125      159990.703      -51162.984  -9.60  31.94      50.1      81.8
98/08/13 17:48:00      255823.406      167919.672       -4124.779  -0.77  33.28      255823.406      160509.875      -49503.637  -9.31  32.11      50.0      81.8
98/08/13 18:00:00      255006.766      167917.547       -4096.518  -0.77  33.36      255006.766      161003.078      -47865.410  -9.02  32.27      49.9      81.8
98/08/13 18:12:00      254188.375      167914.391       -4068.228  -0.77  33.45      254188.375      161469.375      -46253.992  -8.73  32.43      49.8      81.8
98/08/13 18:24:00      253368.094      167910.234       -4039.905  -0.76  33.53      253368.094      161908.359      -44674.945  -8.45  32.58      49.7      81.8
98/08/13 18:36:00      252546.031      167905.094       -4011.552  -0.76  33.62      252546.031      162319.719      -43133.676  -8.18  32.73      49.6      81.8
98/08/13 18:48:00      251733.016      167882.469       -3983.169  -0.75  33.70      251733.016      162686.750      -41634.254  -7.91  32.87      49.5      81.8
98/08/13 19:00:00      250907.156      167875.297       -3954.753  -0.75  33.79      250907.156      163043.016      -40183.836  -7.65  33.02      49.4      81.8
98/08/13 19:12:00      250079.469      167867.125       -3926.307  -0.75  33.87      250079.469      163372.078      -38785.859  -7.40  33.16      49.3      81.8
98/08/13 19:24:00      249249.891      167857.906       -3897.829  -0.74  33.96      249249.891      163674.562      -37444.668  -7.16  33.29      49.1      81.8
98/08/13 19:36:00      248418.406      167847.688       -3869.321  -0.74  34.05      248418.406      163951.094      -36164.254  -6.93  33.42      49.0      81.7
98/08/13 19:48:00      247585.109      167836.312       -3840.781  -0.74  34.13      247585.109      164202.250      -34948.426  -6.71  33.55      48.8      81.7
98/08/13 20:00:00      246749.781      167824.016       -3812.211  -0.73  34.22      246749.781      164429.172      -33800.512  -6.50  33.68      48.6      81.7
98/08/13 20:12:00      245912.688      167810.484       -3783.609  -0.73  34.31      245912.688      164632.438      -32723.621  -6.31  33.80      48.5      81.7
98/08/13 20:24:00      245084.594      167779.891       -3754.977  -0.72  34.39      245084.594      164796.828      -31720.621  -6.13  33.92      48.3      81.7
98/08/13 20:36:00      244243.594      167764.266       -3726.313  -0.72  34.48      244243.594      164956.000      -30793.777  -5.96  34.03      48.1      81.7
98/08/13 20:48:00      243400.578      167747.688       -3697.620  -0.72  34.57      243400.578      165094.672      -29945.219  -5.81  34.15      47.9      81.7
98/08/13 21:00:00      242555.828      167729.781       -3668.894  -0.71  34.66      242555.828      165213.344      -29176.803  -5.68  34.26      47.7      81.6
98/08/13 21:12:00      241708.969      167710.938       -3640.137  -0.71  34.76      241708.969      165313.438      -28489.936  -5.56  34.37      47.5      81.6
98/08/13 21:24:00      240860.188      167690.938       -3611.349  -0.70  34.85      240860.188      165395.484      -27885.865  -5.45  34.48      47.3      81.6
98/08/13 21:36:00      240009.484      167669.734       -3582.532  -0.70  34.94      240009.484      165460.281      -27365.561  -5.36  34.58      47.1      81.6
98/08/13 21:48:00      239167.766      167631.812       -3553.684  -0.70  35.03      239167.766      165492.625      -26930.252  -5.29  34.68      46.8      81.6
98/08/13 22:00:00      238313.047      167608.406       -3524.803  -0.69  35.12      238313.047      165525.062      -26579.164  -5.23  34.78      46.6      81.5
98/08/13 22:12:00      237456.484      167583.797       -3495.893  -0.69  35.21      237456.484      165542.047      -26313.043  -5.19  34.88      46.4      81.5
98/08/13 22:24:00      236597.797      167558.062       -3466.952  -0.69  35.31      236597.797      165544.125      -26131.781  -5.17  34.98      46.2      81.5
98/08/13 22:36:00      235737.156      167531.172       -3437.979  -0.68  35.40      235737.156      165531.516      -26035.119  -5.16  35.08      46.0      81.5
98/08/13 22:48:00      234874.484      167503.016       -3408.977  -0.68  35.49      234874.484      165504.406      -26022.549  -5.18  35.17      45.8      81.5
98/08/13 23:00:00      234009.891      167473.688       -3379.943  -0.67  35.59      234009.891      165462.953      -26093.354  -5.20  35.26      45.6      81.4
98/08/13 23:12:00      233143.125      167443.203       -3350.880  -0.67  35.69      233143.125      165407.297      -26246.629  -5.25  35.35      45.4      81.4
98/08/13 23:24:00      232285.422      167396.156       -3321.785  -0.66  35.78      232285.422      165321.531      -26482.010  -5.31  35.44      45.2      81.4
98/08/13 23:36:00      231414.672      167363.172       -3292.660  -0.66  35.88      231414.672      165236.828      -26796.760  -5.38  35.53      45.0      81.4
98/08/13 23:48:00      230541.875      167328.984       -3263.504  -0.66  35.97      230541.875      165137.328      -27190.133  -5.48  35.61      44.8      81.4
98/08/14 00:00:00      229667.000      167293.609       -3234.317  -0.65  36.07      229667.000      165022.719      -27660.531  -5.59  35.70      44.7      81.4
