 40.00        3.67632737403484300000
 40.05        3.67759232887679000000
 40.10        3.67885568571427000000
 40.15        3.68011744857946200000
 40.20        3.68137762148930300000
 40.25        3.68263620844556300000
 40.30        3.68389321343492700000
 40.35        3.68514864042906700000
 40.40        3.68640249338471500000
 40.45        3.68765477624374300000
 40.50        3.68890549293323300000
 40.55        3.69015464736555600000
 40.60        3.69140224343843800000
 40.65        3.69264828503504000000
 40.70        3.69389277602402500000
 40.75        3.69513572025963400000
 40.80        3.69637712158175800000
 40.85        3.69761698381600500000
 40.90        3.69885531077377300000
 40.95        3.70009210625232400000
 41.00        3.70132737403484300000
 41.05        3.70256111789052200000
 41.10        3.70379334157461900000
 41.15        3.70502404882852800000
 41.20        3.70625324337984900000
 41.25        3.70748092894245700000
 41.30        3.70870710921656500000
 41.35        3.70993178788879400000
 41.40        3.71115496863223900000
 41.45        3.71237665510653600000
 41.50        3.71359685095792400000
 41.55        3.71481555981931700000
 41.60        3.71603278531036000000
 41.65        3.71724853103750000000
 41.70        3.71846280059404900000
 41.75        3.71967559756024800000
 41.80        3.72088692550332700000
 41.85        3.72209678797757200000
 41.90        3.72330518852438500000
 41.95        3.72451213067234800000
 42.00        3.72571761793728200000
 42.05        3.72692165382231300000
 42.10        3.72812424181792800000
 42.15        3.72932538540203900000
 42.20        3.73052508804004300000
 42.25        3.73172335318488100000
 42.30        3.73292018427709700000
 42.35        3.73411558474490000000
 42.40        3.73530955800422000000
 42.45        3.73650210745876800000
 42.50        3.73769323650009400000
 42.55        3.73888294850764400000
 42.60        3.74007124684882100000
 42.65        3.74125813487903600000
 42.70        3.74244361594177100000
 42.75        3.74362769336863100000
 42.80        3.74481037047940400000
 42.85        3.74599165058211200000
 42.90        3.74717153697307200000
 42.95        3.74835003293694900000
 43.00        3.74952714174680600000
 43.05        3.75070286666416800000
 43.10        3.75187721093906800000
 43.15        3.75305017781010500000
 43.20        3.75422177050449900000
 43.25        3.75539199223813600000
 43.30        3.75656084621563100000
 43.35        3.75772833563037900000
 43.40        3.75889446366459700000
 43.45        3.76005923348939200000
 43.50        3.76122264826479900000
 43.55        3.76238471113984200000
 43.60        3.76354542525257700000
 43.65        3.76470479373015000000
 43.70        3.76586281968884300000
 43.75        3.76701950623412800000
 43.80        3.76817485646071200000
 43.85        3.76932887345259000000
 43.90        3.77048156028309600000
 43.95        3.77163292001494600000
 44.00        3.77278295570029400000
 44.05        3.77393167038077700000
 44.10        3.77507906708756000000
 44.15        3.77622514884139200000
 44.20        3.77736991865264700000
 44.25        3.77851337952137200000
 44.30        3.77965553443734000000
 44.35        3.78079638638009000000
 44.40        3.78193593831897500000
 44.45        3.78307419321321300000
 44.50        3.78421115401192600000
 44.55        3.78534682365419300000
 44.60        3.78648120506909000000
 44.65        3.78761430117574000000
 44.70        3.78874611488335100000
 44.75        3.78987664909127100000
 44.80        3.79100590668902200000
 44.85        3.79213389055635300000
 44.90        3.79326060356327800000
 44.95        3.79438604857012300000
 45.00        3.79551022842756800000
 45.05        3.79663314597669000000
 45.10        3.79775480404901100000
 45.15        3.79887520546653300000
 45.20        3.79999435304178700000
 45.25        3.80111224957787000000
 45.30        3.80222889786849200000
 45.35        3.80334430069801600000
 45.40        3.80445846084149800000
 45.45        3.80557138106473100000
 45.50        3.80668306412428600000
 45.55        3.80779351276754900000
 45.60        3.80890272973276800000
 45.65        3.81001071774908800000
 45.70        3.81111747953659600000
 45.75        3.81222301780635500000
 45.80        3.81332733526045100000
 45.85        3.81443043459202800000
 45.90        3.81553231848532700000
 45.95        3.81663298961572900000
 46.00        3.81773245064979000000
 46.05        3.81883070424528100000
 46.10        3.81992775305122800000
 46.15        3.82102359970795100000
 46.20        3.82211824684709700000
 46.25        3.82321169709168200000
 46.30        3.82430395305613000000
 46.35        3.82539501734630700000
 46.40        3.82648489255955900000
 46.45        3.82757358128475300000
 46.50        3.82866108610230700000
 46.55        3.82974740958423400000
 46.60        3.83083255429417100000
 46.65        3.83191652278742300000
 46.70        3.83299931761099400000
 46.75        3.83408094130362300000
 46.80        3.83516139639582300000
 46.85        3.83624068540991200000
 46.90        3.83731881086005500000
 46.95        3.83839577525229000000
 47.00        3.83947158108457200000
 47.05        3.84054623084680100000
 47.10        3.84161972702086000000
 47.15        3.84269207208064800000
 47.20        3.84376326849211800000
 47.25        3.84483331871330300000
 47.30        3.84590222519435900000
 47.35        3.84696999037759100000
 47.40        3.84803661669749000000
 47.45        3.84910210658077000000
 47.50        3.85016646244639300000
 47.55        3.85122968670560900000
 47.60        3.85229178176198200000
 47.65        3.85335275001143100000
 47.70        3.85441259384225700000
 47.75        3.85547131563517300000
 47.80        3.85652891776334400000
 47.85        3.85758540259241000000
 47.90        3.85864077248052400000
 47.95        3.85969502977838100000
 48.00        3.86074817682925300000
 48.05        3.86180021596901100000
 48.10        3.86285114952616700000
 48.15        3.86390097982190000000
 48.20        3.86494970917008400000
 48.25        3.86599733987732500000
 48.30        3.86704387424298400000
 48.35        3.86808931455921600000
 48.40        3.86913366311099200000
 48.45        3.87017692217613400000
 48.50        3.87121909402534100000
 48.55        3.87226018092222300000
 48.60        3.87330018512332700000
 48.65        3.87433910887816800000
 48.70        3.87537695442925900000
 48.75        3.87641372401213700000
 48.80        3.87744941985539400000
 48.85        3.87848404418070600000
 48.90        3.87951759920286200000
 48.95        3.88055008712979000000
 49.00        3.88158151016258600000
 49.05        3.88261187049554600000
 49.10        3.88364117031618800000
 49.15        3.88466941180528600000
 49.20        3.88569659713688900000
 49.25        3.88672272847836100000
 49.30        3.88774780799039600000
 49.35        3.88877183782705500000
 49.40        3.88979482013578600000
 49.45        3.89081675705745500000
 49.50        3.89183765072637200000
 49.55        3.89285750327031800000
 49.60        3.89387631681057000000
 49.65        3.89489409346193000000
 49.70        3.89591083533275000000
 49.75        3.89692654452495800000
 49.80        3.89794122313408200000
 49.85        3.89895487324928300000
 49.90        3.89996749695337300000
 49.95        3.90097909632284400000
 50.00        3.90198967342789200000
 50.05        3.90299923033244700000
 50.10        3.90400776909419200000
 50.15        3.90501529176459300000
 50.20        3.90602180038892200000
 50.25        3.90702729700627900000
 50.30        3.90803178364962500000
 50.35        3.90903526234579900000
 50.40        3.91003773511554300000
 50.45        3.91103920397353200000
 50.50        3.91203967092839200000
 50.55        3.91303913798272900000
 50.60        3.91403760713315000000
 50.65        3.91503508037028800000
 50.70        3.91603155967882700000
 50.75        3.91702704703752000000
 50.80        3.91802154441922300000
 50.85        3.91901505379090900000
 50.90        3.92000757711369400000
 50.95        3.92099911634286400000
 51.00        3.92198967342789200000
 51.05        3.92297925031246700000
 51.10        3.92396784893451200000
 51.15        3.92495547122620900000
 51.20        3.92594211911402100000
 51.25        3.92692779451871800000
 51.30        3.92791249935539100000
 51.35        3.92889623553348600000
 51.40        3.92987900495681300000
 51.45        3.93086080952358200000
 51.50        3.93184165112641200000
 51.55        3.93282153165236300000
 51.60        3.93380045298295300000
 51.65        3.93477841699417800000
 51.70        3.93575542555653800000
 51.75        3.93673148053505700000
 51.80        3.93770658378930200000
 51.85        3.93868073717340600000
 51.90        3.93965394253609100000
 51.95        3.94062620172068500000
 52.00        3.94159751656514700000
 52.05        3.94256788890208500000
 52.10        3.94353732055877800000
 52.15        3.94450581335719600000
 52.20        3.94547336911402200000
 52.25        3.94643998964066900000
 52.30        3.94740567674330600000
 52.35        3.94837043222287100000
 52.40        3.94933425787510100000
 52.45        3.95029715549054000000
 52.50        3.95125912685456700000
 52.55        3.95222017374741700000
 52.60        3.95318029794419300000
 52.65        3.95413950121489400000
 52.70        3.95509778532443000000
 52.75        3.95605515203264200000
 52.80        3.95701160309432100000
 52.85        3.95796714025923000000
 52.90        3.95892176527212100000
 52.95        3.95987547987275500000
 53.00        3.96082828579591700000
 53.05        3.96178018477144100000
 53.10        3.96273117852423000000
 53.15        3.96368126877426200000
 53.20        3.96463045723662700000
 53.25        3.96557874562153000000
 53.30        3.96652613563431800000
 53.35        3.96747262897549800000
 53.40        3.96841822734075000000
 53.45        3.96936293242094900000
 53.50        3.97030674590218600000
 53.55        3.97124966946578000000
 53.60        3.97219170478829900000
 53.65        3.97313285354158000000
 53.70        3.97407311739274100000
 53.75        3.97501249800420500000
 53.80        3.97595099703371500000
 53.85        3.97688861613434900000
 53.90        3.97782535695454100000
 53.95        3.97876122113809900000
 54.00        3.97969621032421800000
 54.05        3.98063032614750200000
 54.10        3.98156357023797600000
 54.15        3.98249594422111100000
 54.20        3.98342744971783000000
 54.25        3.98435808834453500000
 54.30        3.98528786171311800000
 54.35        3.98621677143098000000
 54.40        3.98714481910104900000
 54.45        3.98807200632179100000
 54.50        3.98899833468723300000
 54.55        3.98992380578697500000
 54.60        3.99084842120621000000
 54.65        3.99177218252573600000
 54.70        3.99269509132197700000
 54.75        3.99361714916699700000
 54.80        3.99453835762851100000
 54.85        3.99545871826991100000
 54.90        3.99637823265027400000
 54.95        3.99729690232438300000
 55.00        3.99821472884273700000
 55.05        3.99913171375157300000
 55.10        4.00004785859287400000
 55.15        4.00096316490439800000
 55.20        4.00187763421967400000
 55.25        4.00279126806803700000
 55.30        4.00370406797462800000
 55.35        4.00461603546042000000
 55.40        4.00552717204222600000
 55.45        4.00643747923271800000
 55.50        4.00734695854044400000
 55.55        4.00825561146983500000
 55.60        4.00916343952122700000
 55.65        4.01007044419087900000
 55.70        4.01097662697097200000
 55.75        4.01188198934964500000
 55.80        4.01278653281099200000
 55.85        4.01369025883508800000
 55.90        4.01459316889799700000
 55.95        4.01549526447179000000
 56.00        4.01639654702455500000
 56.05        4.01729701802041800000
 56.10        4.01819667891955400000
 56.15        4.01909553117819700000
 56.20        4.01999357624866100000
 56.25        4.02089081557935000000
 56.30        4.02178725061477200000
 56.35        4.02268288279556000000
 56.40        4.02357771355847100000
 56.45        4.02447174433641600000
 56.50        4.02536497655846200000
 56.55        4.02625741164985300000
 56.60        4.02714905103201900000
 56.65        4.02803989612259400000
 56.70        4.02892994833542500000
 56.75        4.02981920908058600000
 56.80        4.03070767976439800000
 56.85        4.03159536178943000000
 56.90        4.03248225655452700000
 56.95        4.03336836545481000000
 57.00        4.03425368988169700000
 57.05        4.03513823122291600000
 57.10        4.03602199086251300000
 57.15        4.03690497018086900000
 57.20        4.03778717055471000000
 57.25        4.03866859335712700000
 57.30        4.03954923995757900000
 57.35        4.04042911172191300000
 57.40        4.04130821001237300000
 57.45        4.04218653618761100000
 57.50        4.04306409160271000000
 57.55        4.04394087760918100000
 57.60        4.04481689555498800000
 57.65        4.04569214678455400000
 57.70        4.04656663263877500000
 57.75        4.04744035445503600000
 57.80        4.04831331356721400000
 57.85        4.04918551130570000000
 57.90        4.05005694899740900000
 57.95        4.05092762796578500000
 58.00        4.05179754953082000000
 58.05        4.05266671500906800000
 58.10        4.05353512571365100000
 58.15        4.05440278295427100000
 58.20        4.05526968803722800000
 58.25        4.05613584226542500000
 58.30        4.05700124693838100000
 58.35        4.05786590335225200000
 58.40        4.05872981279982900000
 58.45        4.05959297657055300000
 58.50        4.06045539595053600000
 58.55        4.06131707222256000000
 58.60        4.06217800666609900000
 58.65        4.06303820055732100000
 58.70        4.06389765516910600000
 58.75        4.06475637177105200000
 58.80        4.06561435162949800000
 58.85        4.06647159600751700000
 58.90        4.06732810616493900000
 58.95        4.06818388335836400000
 59.00        4.06903892884116600000
 59.05        4.06989324386350400000
 59.10        4.07074682967234300000
 59.15        4.07159968751145000000
 59.20        4.07245181862142000000
 59.25        4.07330322423967200000
 59.30        4.07415390560047500000
 59.35        4.07500386393494400000
 59.40        4.07585310047106100000
 59.45        4.07670161643368400000
 59.50        4.07754941304455300000
 59.55        4.07839649152230400000
 59.60        4.07924285308248100000
 59.65        4.08008849893754300000
 59.70        4.08093343029687300000
 59.75        4.08177764836679800000
 59.80        4.08262115435058700000
 59.85        4.08346394944846800000
 59.90        4.08430603485763800000
 59.95        4.08514741177227500000
 60.00        4.08598808138353800000
 60.05        4.08682804487959200000
 60.10        4.08766730344560900000
 60.15        4.08850585826377600000
 60.20        4.08934371051331300000
 60.25        4.09018086137047400000
 60.30        4.09101731200856900000
 60.35        4.09185306359795900000
 60.40        4.09268811730607900000
 60.45        4.09352247429743600000
 60.50        4.09435613573362900000
 60.55        4.09518910277335400000
 60.60        4.09602137657241400000
 60.65        4.09685295828372800000
 60.70        4.09768384905734300000
 60.75        4.09851405004043800000
 60.80        4.09934356237734200000
 60.85        4.10017238720953700000
 60.90        4.10100052567566900000
 60.95        4.10182797891155700000
 61.00        4.10265474805020500000
 61.05        4.10348083422180700000
 61.10        4.10430623855376200000
 61.15        4.10513096217067500000
 61.20        4.10595500619437500000
 61.25        4.10677837174391900000
 61.30        4.10760105993560000000
 61.35        4.10842307188296400000
 61.40        4.10924440869680700000
 61.45        4.11006507148519300000
 61.50        4.11088506135346400000
 61.55        4.11170437940423700000
 61.60        4.11252302673743100000
 61.65        4.11334100445025700000
 61.70        4.11415831363724300000
 61.75        4.11497495539023200000
 61.80        4.11579093079839500000
 61.85        4.11660624094823900000
 61.90        4.11742088692361600000
 61.95        4.11823486980573300000
 62.00        4.11904819067315600000
 62.05        4.11986085060182400000
 62.10        4.12067285066505500000
 62.15        4.12148419193355300000
 62.20        4.12229487547542000000
 62.25        4.12310490235616300000
 62.30        4.12391427363869900000
 62.35        4.12472299038337100000
 62.40        4.12553105364794700000
 62.45        4.12633846448763400000
 62.50        4.12714522395509000000
 62.55        4.12795133310042000000
 62.60        4.12875679297119600000
 62.65        4.12956160461246300000
 62.70        4.13036576906674000000
 62.75        4.13116928737403800000
 62.80        4.13197216057185700000
 62.85        4.13277438969520600000
 62.90        4.13357597577660600000
 62.95        4.13437691984608800000
 63.00        4.13517722293122000000
 63.05        4.13597688605710200000
 63.10        4.13677591024637500000
 63.15        4.13757429651923200000
 63.20        4.13837204589342700000
 63.25        4.13916915938427500000
 63.30        4.13996563800467100000
 63.35        4.14076148276508800000
 63.40        4.14155669467358800000
 63.45        4.14235127473583400000
 63.50        4.14314522395508900000
 63.55        4.14393854333223400000
 63.60        4.14473123386576600000
 63.65        4.14552329655181000000
 63.70        4.14631473238412500000
 63.75        4.14710554235411800000
 63.80        4.14789572745083800000
 63.85        4.14868528866099900000
 63.90        4.14947422696897400000
 63.95        4.15026254335681100000
 64.00        4.15105023880423600000
 64.05        4.15183731428866500000
 64.10        4.15262377078520200000
 64.15        4.15340960926665900000
 64.20        4.15419483070355300000
 64.25        4.15497943606411800000
 64.30        4.15576342631430900000
 64.35        4.15654680241781000000
 64.40        4.15732956533604800000
 64.45        4.15811171602819000000
 64.50        4.15889325545115200000
 64.55        4.15967418455961400000
 64.60        4.16045450430601700000
 64.65        4.16123421564057700000
 64.70        4.16201331951128400000
 64.75        4.16279181686392200000
 64.80        4.16356970864206000000
 64.85        4.16434699578707600000
 64.90        4.16512367923814500000
 64.95        4.16589975993226000000
 65.00        4.16667523880423600000
 65.05        4.16745011678671200000
 65.10        4.16822439481016400000
 65.15        4.16899807380290300000
 65.20        4.16977115469109300000
 65.25        4.17054363839874800000
 65.30        4.17131552584774400000
 65.35        4.17208681795782600000
 65.40        4.17285751564660800000
 65.45        4.17362761982958700000
 65.50        4.17439713142014500000
 65.55        4.17516605132956000000
 65.60        4.17593438046700800000
 65.65        4.17670211973957100000
 65.70        4.17746927005224200000
 65.75        4.17823583230793600000
 65.80        4.17900180740749300000
 65.85        4.17976719624968200000
 65.90        4.18053199973121100000
 65.95        4.18129621874673200000
 66.00        4.18205985418885100000
 66.05        4.18282290694812700000
 66.10        4.18358537791308200000
 66.15        4.18434726797020900000
 66.20        4.18510857800397600000
 66.25        4.18586930889683200000
 66.30        4.18662946152921500000
 66.35        4.18738903677955500000
 66.40        4.18814803552428400000
 66.45        4.18890645863783600000
 66.50        4.18966430699266400000
 66.55        4.19042158145923200000
 66.60        4.19117828290603200000
 66.65        4.19193441219958500000
 66.70        4.19268997020445000000
 66.75        4.19344495778322200000
 66.80        4.19419937579655100000
 66.85        4.19495322510313600000
 66.90        4.19570650655973900000
 66.95        4.19645922102118400000
 67.00        4.19721136934036700000
 67.05        4.19796295236826300000
 67.10        4.19871397095392900000
 67.15        4.19946442594451000000
 67.20        4.20021431818524400000
 67.25        4.20096364851947300000
 67.30        4.20171241778864200000
 67.35        4.20246062683230600000
 67.40        4.20320827648813800000
 67.45        4.20395536759193700000
 67.50        4.20470190097762700000
 67.55        4.20544787747726300000
 67.60        4.20619329792104700000
 67.65        4.20693816313732000000
 67.70        4.20768247395257500000
 67.75        4.20842623119146200000
 67.80        4.20916943567679100000
 67.85        4.20991208822953900000
 67.90        4.21065418966885700000
 67.95        4.21139574081207200000
 68.00        4.21213674247469500000
 68.05        4.21287719547042500000
 68.10        4.21361710061115700000
 68.15        4.21435645870698200000
 68.20        4.21509527056619700000
 68.25        4.21583353699531000000
 68.30        4.21657125879904400000
 68.35        4.21730843678033800000
 68.40        4.21804507174036400000
 68.45        4.21878116447852000000
 68.50        4.21951671579244100000
 68.55        4.22025172647800300000
 68.60        4.22098619732933100000
 68.65        4.22172012913879900000
 68.70        4.22245352269703600000
 68.75        4.22318637879293800000
 68.80        4.22391869821366300000
 68.85        4.22465048174464600000
 68.90        4.22538173016959400000
 68.95        4.22611244427049600000
 69.00        4.22684262482763500000
 69.05        4.22757227261958100000
 69.10        4.22830138842319900000
 69.15        4.22902997301365900000
 69.20        4.22975802716443800000
 69.25        4.23048555164732500000
 69.30        4.23121254723242600000
 69.35        4.23193901468816600000
 69.40        4.23266495478130000000
 69.45        4.23339036827691300000
 69.50        4.23411525593842600000
 69.55        4.23483961852760200000
 69.60        4.23556345680455100000
 69.65        4.23628677152772700000
 69.70        4.23700956345395100000
 69.75        4.23773183333839100000
 69.80        4.23845358193459400000
 69.85        4.23917480999446400000
 69.90        4.23989551826828700000
 69.95        4.24061570750472400000
 70.00        4.24133537845082500000
 70.05        4.24205453185202200000
 70.10        4.24277316845214200000
 70.15        4.24349128899341200000
 70.20        4.24420889421646100000
 70.25        4.24492598486032200000
 70.30        4.24564256166243900000
 70.35        4.24635862535867700000
 70.40        4.24707417668331700000
 70.45        4.24778921636906600000
 70.50        4.24850374514705900000
 70.55        4.24921776374686900000
 70.60        4.24993127289650300000
 70.65        4.25064427332241600000
 70.70        4.25135676574950200000
 70.75        4.25206875090111600000
 70.80        4.25278022949906300000
 70.85        4.25349120226361200000
 70.90        4.25420166991349500000
 70.95        4.25491163316591200000
 71.00        4.25562109273653900000
 71.05        4.25633004933953000000
 71.10        4.25703850368752000000
 71.15        4.25774645649163100000
 71.20        4.25845390846147500000
 71.25        4.25916086030516100000
 71.30        4.25986731272929600000
 71.35        4.26057326643899000000
 71.40        4.26127872213786300000
 71.45        4.26198368052804400000
 71.50        4.26268814231018000000
 71.55        4.26339210818344000000
 71.60        4.26409557884551300000
 71.65        4.26479855499262100000
 71.70        4.26550103731951800000
 71.75        4.26620302651949100000
 71.80        4.26690452328437300000
 71.85        4.26760552830454300000
 71.90        4.26830604226892500000
 71.95        4.26900606586499400000
 72.00        4.26970559977879300000
 72.05        4.27040464469491400000
 72.10        4.27110320129652100000
 72.15        4.27180127026534800000
 72.20        4.27249885228170100000
 72.25        4.27319594802446000000
 72.30        4.27389255817109100000
 72.35        4.27458868339764500000
 72.40        4.27528432437875900000
 72.45        4.27597948178766500000
 72.50        4.27667415629619400000
 72.55        4.27736834857477400000
 72.60        4.27806205929244000000
 72.65        4.27875528911683600000
 72.70        4.27944803871421600000
 72.75        4.28014030874945700000
 72.80        4.28083209988604500000
 72.85        4.28152341278610300000
 72.90        4.28221424811037000000
 72.95        4.28290460651822600000
 73.00        4.28359448866768100000
 73.05        4.28428389521538500000
 73.10        4.28497282681663200000
 73.15        4.28566128412536300000
 73.20        4.28634926779416600000
 73.25        4.28703677847428700000
 73.30        4.28772381681562800000
 73.35        4.28841038346675300000
 73.40        4.28909647907489200000
 73.45        4.28978210428594000000
 73.50        4.29046725974446900000
 73.55        4.29115194609372600000
 73.60        4.29183616397563600000
 73.65        4.29251991403080600000
 73.70        4.29320319689853700000
 73.75        4.29388601321681000000
 73.80        4.29456836362231000000
 73.85        4.29525024875041300000
 73.90        4.29593166923520000000
 73.95        4.29661262570945400000
 74.00        4.29729311880466800000
 74.05        4.29797314915104600000
 74.10        4.29865271737750700000
 74.15        4.29933182411169100000
 74.20        4.30001046997995700000
 74.25        4.30068865560739200000
 74.30        4.30136638161781100000
 74.35        4.30204364863376000000
 74.40        4.30272045727652700000
 74.45        4.30339680816613100000
 74.50        4.30407270192134000000
 74.55        4.30474813915966800000
 74.60        4.30542312049737500000
 74.65        4.30609764654947600000
 74.70        4.30677171792974400000
 74.75        4.30744533525070800000
 74.80        4.30811849912366500000
 74.85        4.30879121015867300000
 74.90        4.30946346896456400000
 74.95        4.31013527614893900000
 75.00        4.31080663231818100000
 75.05        4.31147753807744700000
 75.10        4.31214799403068000000
 75.15        4.31281800078060600000
 75.20        4.31348755892874400000
 75.25        4.31415666907540500000
 75.30        4.31482533181969500000
 75.35        4.31549354775951700000
 75.40        4.31616131749158100000
 75.45        4.31682864161139600000
 75.50        4.31749552071328700000
 75.55        4.31816195539038500000
 75.60        4.31882794623464100000
 75.65        4.31949349383681700000
 75.70        4.32015859878650400000
 75.75        4.32082326167211300000
 75.80        4.32148748308088300000
 75.85        4.32215126359888700000
 75.90        4.32281460381102500000
 75.95        4.32347750430104100000
 76.00        4.32413996565151400000
 76.05        4.32480198844387000000
 76.10        4.32546357325837600000
 76.15        4.32612472067415200000
 76.20        4.32678543126917000000
 76.25        4.32744570562025600000
 76.30        4.32810554430309600000
 76.35        4.32876494789223100000
 76.40        4.32942391696107500000
 76.45        4.33008245208190700000
 76.50        4.33074055382586900000
 76.55        4.33139822276298700000
 76.60        4.33205545946215200000
 76.65        4.33271226449114600000
 76.70        4.33336863841662200000
 76.75        4.33402458180412700000
 76.80        4.33468009521808600000
 76.85        4.33533517922182600000
 76.90        4.33598983437756100000
 76.95        4.33664406124640000000
 77.00        4.33729786038835700000
 77.05        4.33795123236234400000
 77.10        4.33860417772618100000
 77.15        4.33925669703659500000
 77.20        4.33990879084922300000
 77.25        4.34056045971861800000
 77.30        4.34121170419824500000
 77.35        4.34186252484049500000
 77.40        4.34251292219667800000
 77.45        4.34316289681702700000
 77.50        4.34381244925070600000
 77.55        4.34446158004580800000
 77.60        4.34511028974935900000
 77.65        4.34575857890732400000
 77.70        4.34640644806460200000
 77.75        4.34705389776503700000
 77.80        4.34770092855142100000
 77.85        4.34834754096548300000
 77.90        4.34899373554791200000
 77.95        4.34963951283834200000
 78.00        4.35028487337537000000
 78.05        4.35092981769654200000
 78.10        4.35157434633837300000
 78.15        4.35221845983633600000
 78.20        4.35286215872487100000
 78.25        4.35350544353738700000
 78.30        4.35414831480626700000
 78.35        4.35479077306286100000
 78.40        4.35543281883750500000
 78.45        4.35607445265950700000
 78.50        4.35671567505715800000
 78.55        4.35735648655773600000
 78.60        4.35799688768750300000
 78.65        4.35863687897171600000
 78.70        4.35927646093461400000
 78.75        4.35991563409944300000
 78.80        4.36055439898843800000
 78.85        4.36119275612283600000
 78.90        4.36183070602288000000
 78.95        4.36246824920781100000
 79.00        4.36310538619588200000
 79.05        4.36374211750435800000
 79.10        4.36437844364951300000
 79.15        4.36501436514663600000
 79.20        4.36564988251003600000
 79.25        4.36628499625304200000
 79.30        4.36691970688800300000
 79.35        4.36755401492629500000
 79.40        4.36818792087832200000
 79.45        4.36882142525351600000
 79.50        4.36945452856034200000
 79.55        4.37008723130630400000
 79.60        4.37071953399793600000
 79.65        4.37135143714081900000
 79.70        4.37198294123957000000
 79.75        4.37261404679785600000
 79.80        4.37324475431838700000
 79.85        4.37387506430292600000
 79.90        4.37450497725228300000
 79.95        4.37513449366632700000
 80.00        4.37576361404398400000
 80.05        4.37639233888323300000
 80.10        4.37702066868111800000
 80.15        4.37764860393374900000
 80.20        4.37827614513629900000
 80.25        4.37890329278301000000
 80.30        4.37953004736719600000
 80.35        4.38015640938124100000
 80.40        4.38078237931660800000
 80.45        4.38140795766383700000
 80.50        4.38203314491254400000
 80.55        4.38265794155143300000
 80.60        4.38328234806828800000
 80.65        4.38390636494998300000
 80.70        4.38452999268248100000
 80.75        4.38515323175083300000
 80.80        4.38577608263919000000
 80.85        4.38639854583079000000
 80.90        4.38702062180797900000
 80.95        4.38764231105219400000
 81.00        4.38826361404398500000
 81.05        4.38888453126299400000
 81.10        4.38950506318798400000
 81.15        4.39012521029681800000
 81.20        4.39074497306647300000
 81.25        4.39136435197304100000
 81.30        4.39198334749172900000
 81.35        4.39260196009686000000
 81.40        4.39322019026188200000
 81.45        4.39383803845936200000
 81.50        4.39445550516099000000
 81.55        4.39507259083759000000
 81.60        4.39568929595910700000
 81.65        4.39630562099462100000
 81.70        4.39692156641234500000
 81.75        4.39753713267962700000
 81.80        4.39815232026295200000
 81.85        4.39876712962794500000
 81.90        4.39938156123937500000
 81.95        4.39999561556115000000
 82.00        4.40060929305633000000
 82.05        4.40122259418711600000
 82.10        4.40183551941486500000
 82.15        4.40244806920008400000
 82.20        4.40306024400243400000
 82.25        4.40367204428073400000
 82.30        4.40428347049295900000
 82.35        4.40489452309624600000
 82.40        4.40550520254689500000
 82.45        4.40611550930036800000
 82.50        4.40672544381129800000
 82.55        4.40733500653348200000
 82.60        4.40794419791989200000
 82.65        4.40855301842266800000
 82.70        4.40916146849312800000
 82.75        4.40976954858176700000
 82.80        4.41037725913825800000
 82.85        4.41098460061145200000
 82.90        4.41159157344938800000
 82.95        4.41219817809928400000
 83.00        4.41280441500755000000
 83.05        4.41341028461977800000
 83.10        4.41401578738076100000
 83.15        4.41462092373447300000
 83.20        4.41522569412408900000
 83.25        4.41583009899198000000
 83.30        4.41643413877971500000
 83.35        4.41703781392806100000
 83.40        4.41764112487699100000
 83.45        4.41824407206568100000
 83.50        4.41884665593251000000
 83.55        4.41944887691507000000
 83.60        4.42005073545015700000
 83.65        4.42065223197378600000
 83.70        4.42125336692118200000
 83.75        4.42185414072678200000
 83.80        4.42245455382424800000
 83.85        4.42305460664645500000
 83.90        4.42365429962550400000
 83.95        4.42425363319271400000
 84.00        4.42485260777863400000
 84.05        4.42545122381303600000
 84.10        4.42604948172492400000
 84.15        4.42664738194252900000
 84.20        4.42724492489332000000
 84.25        4.42784211100399200000
 84.30        4.42843894070048300000
 84.35        4.42903541440796500000
 84.40        4.42963153255085300000
 84.45        4.43022729555279900000
 84.50        4.43082270383670100000
 84.55        4.43141775782470400000
 84.60        4.43201245793819600000
 84.65        4.43260680459781500000
 84.70        4.43320079822345200000
 84.75        4.43379443923424600000
 84.80        4.43438772804859100000
 84.85        4.43498066508414100000
 84.90        4.43557325075780400000
 84.95        4.43616548548574600000
 85.00        4.43675736968339600000
 85.05        4.43734890376544600000
 85.10        4.43794008814585200000
 85.15        4.43853092323783600000
 85.20        4.43912140945389000000
 85.25        4.43971154720577200000
 85.30        4.44030133690451600000
 85.35        4.44089077896042600000
 85.40        4.44147987378308100000
 85.45        4.44206862178133700000
 85.50        4.44265702336332900000
 85.55        4.44324507893647300000
 85.60        4.44383278890746200000
 85.65        4.44442015368228100000
 85.70        4.44500717366619100000
 85.75        4.44559384926374300000
 85.80        4.44618018087878000000
 85.85        4.44676616891443000000
 85.90        4.44735181377311600000
 85.95        4.44793711585655100000
 86.00        4.44852207556574900000
 86.05        4.44910669330101300000
 86.10        4.44969096946194900000
 86.15        4.45027490444746600000
 86.20        4.45085849865576800000
 86.25        4.45144175248436500000
 86.30        4.45202466633007400000
 86.35        4.45260724058901400000
 86.40        4.45318947565661600000
 86.45        4.45377137192762000000
 86.50        4.45435292979607800000
 86.55        4.45493414965535000000
 86.60        4.45551503189811700000
 86.65        4.45609557691637300000
 86.70        4.45667578510143100000
 86.75        4.45725565684391900000
 86.80        4.45783519253379200000
 86.85        4.45841439256032500000
 86.90        4.45899325731211400000
 86.95        4.45957178717708700000
 87.00        4.46014998254249300000
 87.05        4.46072784379491200000
 87.10        4.46130537132025400000
 87.15        4.46188256550376400000
 87.20        4.46245942673001300000
 87.25        4.46303595538291500000
 87.30        4.46361215184571700000
 87.35        4.46418801650100000000
 87.40        4.46476354973069000000
 87.45        4.46533875191605300000
 87.50        4.46591362343769700000
 87.55        4.46648816467556900000
 87.60        4.46706237600897100000
 87.65        4.46763625781654600000
 87.70        4.46820981047628500000
 87.75        4.46878303436553300000
 87.80        4.46935592986098100000
 87.85        4.46992849733867800000
 87.90        4.47050073717402500000
 87.95        4.47107264974177900000
 88.00        4.47164423541605700000
 88.05        4.47221549457032800000
 88.10        4.47278642757743000000
 88.15        4.47335703480955800000
 88.20        4.47392731663827100000
 88.25        4.47449727343449000000
 88.30        4.47506690556851100000
 88.35        4.47563621340998600000
 88.40        4.47620519732794400000
 88.45        4.47677385769078200000
 88.50        4.47734219486626600000
 88.55        4.47791020922154400000
 88.60        4.47847790112312700000
 88.65        4.47904527093691200000
 88.70        4.47961231902816700000
 88.75        4.48017904576154400000
 88.80        4.48074545150107200000
 88.85        4.48131153661016300000
 88.90        4.48187730145161300000
 88.95        4.48244274638760000000
 89.00        4.48300787177969300000
 89.05        4.48357267798884000000
 89.10        4.48413716537538800000
 89.15        4.48470133429906400000
 89.20        4.48526518511899600000
 89.25        4.48582871819369900000
 89.30        4.48639193388108300000
 89.35        4.48695483253845300000
 89.40        4.48751741452251500000
 89.45        4.48807968018936900000
 89.50        4.48864162989451600000
 89.55        4.48920326399285900000
 89.60        4.48976458283870300000
 89.65        4.49032558678575500000
 89.70        4.49088627618712900000
 89.75        4.49144665139534700000
 89.80        4.49200671276233400000
 89.85        4.49256646063942500000
 89.90        4.49312589537737300000
 89.95        4.49368501732633000000
 90.00        4.49424382683587300000
 90.05        4.49480232425498300000
 90.10        4.49536050993206400000
 90.15        4.49591838421493700000
 90.20        4.49647594745083400000
 90.25        4.49703319998641500000
 90.30        4.49759014216775600000
 90.35        4.49814677434035600000
 90.40        4.49870309684913700000
 90.45        4.49925911003844600000
 90.50        4.49981481425205800000
 90.55        4.50037020983317100000
 90.60        4.50092529712441700000
 90.65        4.50148007646785200000
 90.70        4.50203454820496700000
 90.75        4.50258871267668400000
 90.80        4.50314257022335800000
 90.85        4.50369612118477900000
 90.90        4.50424936590017500000
 90.95        4.50480230470821000000
 91.00        4.50535493794698400000
 91.05        4.50590726595403900000
 91.10        4.50645928906635900000
 91.15        4.50701100762037100000
 91.20        4.50756242195194400000
 91.25        4.50811353239638700000
 91.30        4.50866433928846400000
 91.35        4.50921484296238100000
 91.40        4.50976504375179100000
 91.45        4.51031494198980000000
 91.50        4.51086453800896300000
 91.55        4.51141383214128900000
 91.60        4.51196282471823600000
 91.65        4.51251151607072000000
 91.70        4.51305990652911200000
 91.75        4.51360799642324000000
 91.80        4.51415578608238900000
 91.85        4.51470327583530200000
 91.90        4.51525046601018700000
 91.95        4.51579735693470700000
 92.00        4.51634394893599500000
 92.05        4.51689024234063900000
 92.10        4.51743623747470300000
 92.15        4.51798193466370700000
 92.20        4.51852733423264500000
 92.25        4.51907243650597700000
 92.30        4.51961724180763200000
 92.35        4.52016175046101100000
 92.40        4.52070596278899000000
 92.45        4.52124987911391200000
 92.50        4.52179349975759800000
 92.55        4.52233682504134400000
 92.60        4.52287985528592200000
 92.65        4.52342259081158300000
 92.70        4.52396503193805400000
 92.75        4.52450717898454700000
 92.80        4.52504903226975200000
 92.85        4.52559059211184100000
 92.90        4.52613185882846700000
 92.95        4.52667283273677300000
 93.00        4.52721351415338500000
 93.05        4.52775390339441500000
 93.10        4.52829400077546200000
 93.15        4.52883380661161800000
 93.20        4.52937332121746100000
 93.25        4.52991254490706100000
 93.30        4.53045147799398200000
 93.35        4.53099012079127800000
 93.40        4.53152847361150100000
 93.45        4.53206653676669700000
 93.50        4.53260431056840900000
 93.55        4.53314179532767500000
 93.60        4.53367899135503500000
 93.65        4.53421589896052900000
 93.70        4.53475251845369600000
 93.75        4.53528885014357700000
 93.80        4.53582489433871800000
 93.85        4.53636065134716700000
 93.90        4.53689612147647600000
 93.95        4.53743130503370700000
 94.00        4.53796620232542900000
 94.05        4.53850081365771400000
 94.10        4.53903513933615000000
 94.15        4.53956917966583200000
 94.20        4.54010293495136600000
 94.25        4.54063640549687300000
 94.30        4.54116959160598600000
 94.35        4.54170249358185100000
 94.40        4.54223511172713300000
 94.45        4.54276744634401100000
 94.50        4.54329949773418400000
 94.55        4.54383126619886600000
 94.60        4.54436275203879600000
 94.65        4.54489395555423000000
 94.70        4.54542487704494500000
 94.75        4.54595551681024500000
 94.80        4.54648587514895300000
 94.85        4.54701595235941900000
 94.90        4.54754574873952100000
 94.95        4.54807526458666200000
 95.00        4.54860450019777000000
 95.05        4.54913345586930400000
 95.10        4.54966213189725500000
 95.15        4.55019052857714400000
 95.20        4.55071864620402000000
 95.25        4.55124648507247000000
 95.30        4.55177404547661200000
 95.35        4.55230132771009700000
 95.40        4.55282833206611700000
 95.45        4.55335505883739400000
 95.50        4.55388150831619400000
 95.55        4.55440768079431900000
 95.60        4.55493357656310900000
 95.65        4.55545919591344900000
 95.70        4.55598453913575900000
 95.75        4.55650960652000700000
 95.80        4.55703439835570400000
 95.85        4.55755891493190200000
 95.90        4.55808315653720400000
 95.95        4.55860712345975200000
 96.00        4.55913081598724300000
 96.05        4.55965423440691500000
 96.10        4.56017737900556200000
 96.15        4.56070025006952400000
 96.20        4.56122284788469200000
 96.25        4.56174517273651200000
 96.30        4.56226722490998000000
 96.35        4.56278900468964600000
 96.40        4.56331051235961600000
 96.45        4.56383174820355400000
 96.50        4.56435271250467600000
 96.55        4.56487340554575800000
 96.60        4.56539382760913400000
 96.65        4.56591397897669900000
 96.70        4.56643385992990700000
 96.75        4.56695347074977200000
 96.80        4.56747281171687300000
 96.85        4.56799188311135000000
 96.90        4.56851068521290700000
 96.95        4.56902921830081500000
 97.00        4.56954748265391000000
 97.05        4.57006547855059100000
 97.10        4.57058320626883000000
 97.15        4.57110066608616400000
 97.20        4.57161785827970300000
 97.25        4.57213478312612300000
 97.30        4.57265144090167300000
 97.35        4.57316783188217200000
 97.40        4.57368395634302000000
 97.45        4.57419981455917900000
 97.50        4.57471540680519400000
 97.55        4.57523073335518400000
 97.60        4.57574579448284100000
 97.65        4.57626059046143800000
 97.70        4.57677512156382600000
 97.75        4.57728938806243300000
 97.80        4.57780339022927000000
 97.85        4.57831712833592300000
 97.90        4.57883060265356700000
 97.95        4.57934381345295500000
 98.00        4.57985676100442500000
 98.05        4.58036944557789600000
 98.10        4.58088186744287600000
 98.15        4.58139402686846100000
 98.20        4.58190592412332400000
 98.25        4.58241755947573600000
 98.30        4.58292893319355300000
 98.35        4.58344004554421800000
 98.40        4.58395089679476400000
 98.45        4.58446148721182100000
 98.50        4.58497181706160500000
 98.55        4.58548188660992500000
 98.60        4.58599169612218500000
 98.65        4.58650124586338400000
 98.70        4.58701053609811500000
 98.75        4.58751956709056600000
 98.80        4.58802833910452500000
 98.85        4.58853685240337300000
 98.90        4.58904510725009500000
 98.95        4.58955310390726900000
 99.00        4.59006084263707900000
 99.05        4.59056832370130200000
 99.10        4.59107554736132800000
 99.15        4.59158251387814000000
 99.20        4.59208922351232700000
 99.25        4.59259567652408300000
 99.30        4.59310187317320700000
 99.35        4.59360781371910300000
 99.40        4.59411349842078100000
 99.45        4.59461892753685900000
 99.50        4.59512410132556300000
 99.55        4.59562902004472900000
 99.60        4.59613368395179900000
 99.65        4.59663809330382900000
 99.70        4.59714224835748600000
 99.75        4.59764614936904800000
 99.80        4.59814979659440300000
 99.85        4.59865319028905900000
 99.90        4.59915633070813400000
 99.95        4.59965921810636000000
100.00        4.60016185273808800000
100.05        4.60066423485728400000
100.10        4.60116636471753300000
100.15        4.60166824257203600000
100.20        4.60216986867361600000
100.25        4.60267124327471200000
100.30        4.60317236662738700000
100.35        4.60367323898332000000
100.40        4.60417386059382000000
100.45        4.60467423170981100000
100.50        4.60517435258184500000
100.55        4.60567422346009800000
100.60        4.60617384459437000000
100.65        4.60667321623408600000
100.70        4.60717233862829900000
100.75        4.60767121202568900000
100.80        4.60816983667456400000
100.85        4.60866821282286000000
100.90        4.60916634071814400000
100.95        4.60966422060761000000
101.00        4.61016185273808900000
