0.05010      -20.45777160642491000000
0.05020      -20.41785728708702000000
0.05030      -20.37810108470551000000
0.05040      -20.33850205822805000000
0.05050      -20.29905927405616000000
0.05060      -20.25977180597154000000
0.05070      -20.22063873506330000000
0.05080      -20.18165914965601000000
0.05090      -20.14283214523867000000
0.05100      -20.10415682439443000000
0.05110      -20.06563229673118000000
0.05120      -20.02725767881297000000
0.05130      -19.98903209409218000000
0.05140      -19.95095467284258000000
0.05150      -19.91302455209301000000
0.05160      -19.87524087556198000000
0.05170      -19.83760279359297000000
0.05180      -19.80010946309047000000
0.05190      -19.76276004745678000000
0.05200      -19.72555371652953000000
0.05210      -19.68848964651989000000
0.05220      -19.65156701995160000000
0.05230      -19.61478502560054000000
0.05240      -19.57814285843508000000
0.05250      -19.54163971955717000000
0.05260      -19.50527481614398000000
0.05270      -19.46904736139023000000
0.05280      -19.43295657445131000000
0.05290      -19.39700168038683000000
0.05300      -19.36118191010500000000
0.05310      -19.32549650030752000000
0.05320      -19.28994469343511000000
0.05330      -19.25452573761374000000
0.05340      -19.21923888660132000000
0.05350      -19.18408339973514000000
0.05360      -19.14905854187976000000
0.05370      -19.11416358337557000000
0.05380      -19.07939779998792000000
0.05390      -19.04476047285675000000
0.05400      -19.01025088844689000000
0.05410      -18.97586833849877000000
0.05420      -18.94161211997980000000
0.05430      -18.90748153503626000000
0.05440      -18.87347589094563000000
0.05450      -18.83959450006957000000
0.05460      -18.80583667980735000000
0.05470      -18.77220175254981000000
0.05480      -18.73868904563378000000
0.05490      -18.70529789129707000000
0.05500      -18.67202762663393000000
0.05510      -18.63887759355090000000
0.05520      -18.60584713872334000000
0.05530      -18.57293561355222000000
0.05540      -18.54014237412149000000
0.05550      -18.50746678115591000000
0.05560      -18.47490819997930000000
0.05570      -18.44246600047330000000
0.05580      -18.41013955703642000000
0.05590      -18.37792824854377000000
0.05600      -18.34583145830701000000
0.05610      -18.31384857403484000000
0.05620      -18.28197898779384000000
0.05630      -18.25022209596983000000
0.05640      -18.21857729922953000000
0.05650      -18.18704400248269000000
0.05660      -18.15562161484462000000
0.05670      -18.12430954959909000000
0.05680      -18.09310722416163000000
0.05690      -18.06201406004326000000
0.05700      -18.03102948281448000000
0.05710      -18.00015292206985000000
0.05720      -17.96938381139269000000
0.05730      -17.93872158832035000000
0.05740      -17.90816569430975000000
0.05750      -17.87771557470330000000
0.05760      -17.84737067869512000000
0.05770      -17.81713045929776000000
0.05780      -17.78699437330909000000
0.05790      -17.75696188127964000000
0.05800      -17.72703244748025000000
0.05810      -17.69720553987004000000
0.05820      -17.66748063006476000000
0.05830      -17.63785719330538000000
0.05840      -17.60833470842706000000
0.05850      -17.57891265782851000000
0.05860      -17.54959052744146000000
0.05870      -17.52036780670064000000
0.05880      -17.49124398851399000000
0.05890      -17.46221856923317000000
0.05900      -17.43329104862436000000
0.05910      -17.40446092983939000000
0.05920      -17.37572771938713000000
0.05930      -17.34709092710520000000
0.05940      -17.31855006613195000000
0.05950      -17.29010465287870000000
0.05960      -17.26175420700232000000
0.05970      -17.23349825137800000000
0.05980      -17.20533631207240000000
0.05990      -17.17726791831694000000
0.06000      -17.14929260248149000000
0.06010      -17.12140990004823000000
0.06020      -17.09361934958581000000
0.06030      -17.06592049272373000000
0.06040      -17.03831287412705000000
0.06050      -17.01079604147126000000
0.06060      -16.98336954541745000000
0.06070      -16.95603293958775000000
0.06080      -16.92878578054095000000
0.06090      -16.90162762774837000000
0.06100      -16.87455804357003000000
0.06110      -16.84757659323099000000
0.06120      -16.82068284479793000000
0.06130      -16.79387636915602000000
0.06140      -16.76715673998589000000
0.06150      -16.74052353374098000000
0.06160      -16.71397632962498000000
0.06170      -16.68751470956960000000
0.06180      -16.66113825821240000000
0.06190      -16.63484656287505000000
0.06200      -16.60863921354162000000
0.06210      -16.58251580283712000000
0.06220      -16.55647592600634000000
0.06230      -16.53051918089278000000
0.06240      -16.50464516791781000000
0.06250      -16.47885349006010000000
0.06260      -16.45314375283517000000
0.06270      -16.42751556427513000000
0.06280      -16.40196853490870000000
0.06290      -16.37650227774130000000
0.06300      -16.35111640823546000000
0.06310      -16.32581054429130000000
0.06320      -16.30058430622726000000
0.06330      -16.27543731676101000000
0.06340      -16.25036920099053000000
0.06350      -16.22537958637533000000
0.06360      -16.20046810271793000000
0.06370      -16.17563438214544000000
0.06380      -16.15087805909138000000
0.06390      -16.12619877027756000000
0.06400      -16.10159615469629000000
0.06410      -16.07706985359260000000
0.06420      -16.05261951044674000000
0.06430      -16.02824477095678000000
0.06440      -16.00394528302138000000
0.06450      -15.97972069672277000000
0.06460      -15.95557066430979000000
0.06470      -15.93149484018121000000
0.06480      -15.90749288086910000000
0.06490      -15.88356444502240000000
0.06500      -15.85970919339065000000
0.06510      -15.83592678880784000000
0.06520      -15.81221689617645000000
0.06530      -15.78857918245159000000
0.06540      -15.76501331662528000000
0.06550      -15.74151896971099000000
0.06560      -15.71809581472813000000
0.06570      -15.69474352668686000000
0.06580      -15.67146178257291000000
0.06590      -15.64825026133263000000
0.06600      -15.62510864385811000000
0.06610      -15.60203661297248000000
0.06620      -15.57903385341532000000
0.06630      -15.55610005182819000000
0.06640      -15.53323489674034000000
0.06650      -15.51043807855449000000
0.06660      -15.48770928953277000000
0.06670      -15.46504822378280000000
0.06680      -15.44245457724386000000
0.06690      -15.41992804767319000000
0.06700      -15.39746833463243000000
0.06710      -15.37507513947422000000
0.06720      -15.35274816532879000000
0.06730      -15.33048711709082000000
0.06740      -15.30829170140632000000
0.06750      -15.28616162665968000000
0.06760      -15.26409660296079000000
0.06770      -15.24209634213229000000
0.06780      -15.22016055769698000000
0.06790      -15.19828896486525000000
0.06800      -15.17648128052270000000
0.06810      -15.15473722321786000000
0.06820      -15.13305651314994000000
0.06830      -15.11143887215680000000
0.06840      -15.08988402370294000000
0.06850      -15.06839169286764000000
0.06860      -15.04696160633321000000
0.06870      -15.02559349237327000000
0.06880      -15.00428708084124000000
0.06890      -14.98304210315884000000
0.06900      -14.96185829230474000000
0.06910      -14.94073538280330000000
0.06920      -14.91967311071338000000
0.06930      -14.89867121361730000000
0.06940      -14.87772943060983000000
0.06950      -14.85684750228734000000
0.06960      -14.83602517073700000000
0.06970      -14.81526217952605000000
0.06980      -14.79455827369127000000
0.06990      -14.77391319972843000000
0.07000      -14.75332670558184000000
0.07010      -14.73279854063407000000
0.07020      -14.71232845569567000000
0.07030      -14.69191620299504000000
0.07040      -14.67156153616834000000
0.07050      -14.65126421024950000000
0.07060      -14.63102398166035000000
0.07070      -14.61084060820078000000
0.07080      -14.59071384903902000000
0.07090      -14.57064346470198000000
0.07100      -14.55062921706570000000
0.07110      -14.53067086934583000000
0.07120      -14.51076818608827000000
0.07130      -14.49092093315978000000
0.07140      -14.47112887773879000000
0.07150      -14.45139178830620000000
0.07160      -14.43170943463629000000
0.07170      -14.41208158778767000000
0.07180      -14.39250802009439000000
0.07190      -14.37298850515705000000
0.07200      -14.35352281783397000000
0.07210      -14.33411073423251000000
0.07220      -14.31475203170042000000
0.07230      -14.29544648881724000000
0.07240      -14.27619388538579000000
0.07250      -14.25699400242375000000
0.07260      -14.23784662215531000000
0.07270      -14.21875152800281000000
0.07280      -14.19970850457859000000
0.07290      -14.18071733767678000000
0.07300      -14.16177781426520000000
0.07310      -14.14288972247736000000
0.07320      -14.12405285160449000000
0.07330      -14.10526699208762000000
0.07340      -14.08653193550977000000
0.07350      -14.06784747458820000000
0.07360      -14.04921340316666000000
0.07370      -14.03062951620777000000
0.07380      -14.01209560978544000000
0.07390      -13.99361148107736000000
0.07400      -13.97517692835752000000
0.07410      -13.95679175098882000000
0.07420      -13.93845574941575000000
0.07430      -13.92016872515710000000
0.07440      -13.90193048079872000000
0.07450      -13.88374081998640000000
0.07460      -13.86559954741872000000
0.07470      -13.84750646884005000000
0.07480      -13.82946139103351000000
0.07490      -13.81146412181407000000
0.07500      -13.79351447002169000000
0.07510      -13.77561224551443000000
0.07520      -13.75775725916173000000
0.07530      -13.73994932283770000000
0.07540      -13.72218824941440000000
0.07550      -13.70447385275533000000
0.07560      -13.68680594770877000000
0.07570      -13.66918435010134000000
0.07580      -13.65160887673152000000
0.07590      -13.63407934536325000000
0.07600      -13.61659557471959000000
0.07610      -13.59915738447643000000
0.07620      -13.58176459525618000000
0.07630      -13.56441702862163000000
0.07640      -13.54711450706978000000
0.07650      -13.52985685402570000000
0.07660      -13.51264389383652000000
0.07670      -13.49547545176540000000
0.07680      -13.47835135398555000000
0.07690      -13.46127142757432000000
0.07700      -13.44423550050737000000
0.07710      -13.42724340165277000000
0.07720      -13.41029496076529000000
0.07730      -13.39339000848061000000
0.07740      -13.37652837630968000000
0.07750      -13.35970989663303000000
0.07760      -13.34293440269520000000
0.07770      -13.32620172859914000000
0.07780      -13.30951170930074000000
0.07790      -13.29286418060332000000
0.07800      -13.27625897915222000000
0.07810      -13.25969594242939000000
0.07820      -13.24317490874806000000
0.07830      -13.22669571724743000000
0.07840      -13.21025820788738000000
0.07850      -13.19386222144326000000
0.07860      -13.17750759950071000000
0.07870      -13.16119418445048000000
0.07880      -13.14492181948339000000
0.07890      -13.12869034858516000000
0.07900      -13.11249961653147000000
0.07910      -13.09634946888291000000
0.07920      -13.08023975198006000000
0.07930      -13.06417031293854000000
0.07940      -13.04814099964415000000
0.07950      -13.03215166074803000000
0.07960      -13.01620214566184000000
0.07970      -13.00029230455299000000
0.07980      -12.98442198833991000000
0.07990      -12.96859104868735000000
0.08000      -12.95279933800171000000
0.08010      -12.93704670942642000000
0.08020      -12.92133301683734000000
0.08030      -12.90565811483818000000
0.08040      -12.89002185875603000000
0.08050      -12.87442410463678000000
0.08060      -12.85886470924075000000
0.08070      -12.84334353003821000000
0.08080      -12.82786042520500000000
0.08090      -12.81241525361817000000
0.08100      -12.79700787485164000000
0.08110      -12.78163814917195000000
0.08120      -12.76630593753392000000
0.08130      -12.75101110157647000000
0.08140      -12.73575350361843000000
0.08150      -12.72053300665430000000
0.08160      -12.70534947435019000000
0.08170      -12.69020277103966000000
0.08180      -12.67509276171964000000
0.08190      -12.66001931204642000000
0.08200      -12.64498228833159000000
0.08210      -12.62998155753806000000
0.08220      -12.61501698727611000000
0.08230      -12.60008844579942000000
0.08240      -12.58519580200125000000
0.08250      -12.57033892541045000000
0.08260      -12.55551768618770000000
0.08270      -12.54073195512166000000
0.08280      -12.52598160362515000000
0.08290      -12.51126650373145000000
0.08300      -12.49658652809050000000
0.08310      -12.48194154996525000000
0.08320      -12.46733144322789000000
0.08330      -12.45275608235627000000
0.08340      -12.43821534243026000000
0.08350      -12.42370909912811000000
0.08360      -12.40923722872289000000
0.08370      -12.39479960807894000000
0.08380      -12.38039611464833000000
0.08390      -12.36602662646739000000
0.08400      -12.35169102215317000000
0.08410      -12.33738918090007000000
0.08420      -12.32312098247634000000
0.08430      -12.30888630722069000000
0.08440      -12.29468503603897000000
0.08450      -12.28051705040072000000
0.08460      -12.26638223233592000000
0.08470      -12.25228046443164000000
0.08480      -12.23821162982874000000
0.08490      -12.22417561221868000000
0.08500      -12.21017229584019000000
0.08510      -12.19620156547612000000
0.08520      -12.18226330645022000000
0.08530      -12.16835740462396000000
0.08540      -12.15448374639344000000
0.08550      -12.14064221868616000000
0.08560      -12.12683270895802000000
0.08570      -12.11305510519017000000
0.08580      -12.09930929588599000000
0.08590      -12.08559517006801000000
0.08600      -12.07191261727494000000
0.08610      -12.05826152755862000000
0.08620      -12.04464179148110000000
0.08630      -12.03105330011162000000
0.08640      -12.01749594502372000000
0.08650      -12.00396961829234000000
0.08660      -11.99047421249086000000
0.08670      -11.97700962068830000000
0.08680      -11.96357573644639000000
0.08690      -11.95017245381681000000
0.08700      -11.93679966733832000000
0.08710      -11.92345727203400000000
0.08720      -11.91014516340842000000
0.08730      -11.89686323744496000000
0.08740      -11.88361139060300000000
0.08750      -11.87038951981524000000
0.08760      -11.85719752248498000000
0.08770      -11.84403529648346000000
0.08780      -11.83090274014716000000
0.08790      -11.81779975227518000000
0.08800      -11.80472623212662000000
0.08810      -11.79168207941791000000
0.08820      -11.77866719432032000000
0.08830      -11.76568147745728000000
0.08840      -11.75272482990189000000
0.08850      -11.73979715317435000000
0.08860      -11.72689834923943000000
0.08870      -11.71402832050402000000
0.08880      -11.70118696981457000000
0.08890      -11.68837420045463000000
0.08900      -11.67558991614245000000
0.08910      -11.66283402102848000000
0.08920      -11.65010641969297000000
0.08930      -11.63740701714357000000
0.08940      -11.62473571881292000000
0.08950      -11.61209243055630000000
0.08960      -11.59947705864926000000
0.08970      -11.58688950978526000000
0.08980      -11.57432969107339000000
0.08990      -11.56179751003600000000
0.09000      -11.54929287460644000000
0.09010      -11.53681569312679000000
0.09020      -11.52436587434555000000
0.09030      -11.51194332741544000000
0.09040      -11.49954796189111000000
0.09050      -11.48717968772698000000
0.09060      -11.47483841527499000000
0.09070      -11.46252405528242000000
0.09080      -11.45023651888971000000
0.09090      -11.43797571762832000000
0.09100      -11.42574156341855000000
0.09110      -11.41353396856743000000
0.09120      -11.40135284576657000000
0.09130      -11.38919810809009000000
0.09140      -11.37706966899250000000
0.09150      -11.36496744230666000000
0.09160      -11.35289134224165000000
0.09170      -11.34084128338077000000
0.09180      -11.32881718067950000000
0.09190      -11.31681894946344000000
0.09200      -11.30484650542634000000
0.09210      -11.29289976462807000000
0.09220      -11.28097864349266000000
0.09230      -11.26908305880630000000
0.09240      -11.25721292771540000000
0.09250      -11.24536816772464000000
0.09260      -11.23354869669503000000
0.09270      -11.22175443284199000000
0.09280      -11.20998529473344000000
0.09290      -11.19824120128792000000
0.09300      -11.18652207177267000000
0.09310      -11.17482782580178000000
0.09320      -11.16315838333433000000
0.09330      -11.15151366467253000000
0.09340      -11.13989359045991000000
0.09350      -11.12829808167945000000
0.09360      -11.11672705965180000000
0.09370      -11.10518044603347000000
0.09380      -11.09365816281506000000
0.09390      -11.08216013231941000000
0.09400      -11.07068627719994000000
0.09410      -11.05923652043880000000
0.09420      -11.04781078534516000000
0.09430      -11.03640899555352000000
0.09440      -11.02503107502189000000
0.09450      -11.01367694803017000000
0.09460      -11.00234653917839000000
0.09470      -10.99103977338506000000
0.09480      -10.97975657588545000000
0.09490      -10.96849687222997000000
0.09500      -10.95726058828247000000
0.09510      -10.94604765021860000000
0.09520      -10.93485798452418000000
0.09530      -10.92369151799358000000
0.09540      -10.91254817772809000000
0.09550      -10.90142789113433000000
0.09560      -10.89033058592260000000
0.09570      -10.87925619010539000000
0.09580      -10.86820463199570000000
0.09590      -10.85717584020554000000
0.09600      -10.84616974364436000000
0.09610      -10.83518627151748000000
0.09620      -10.82422535332457000000
0.09630      -10.81328691885813000000
0.09640      -10.80237089820194000000
0.09650      -10.79147722172958000000
0.09660      -10.78060582010294000000
0.09670      -10.76975662427068000000
0.09680      -10.75892956546679000000
0.09690      -10.74812457520912000000
0.09700      -10.73734158529788000000
0.09710      -10.72658052781423000000
0.09720      -10.71584133511880000000
0.09730      -10.70512393985028000000
0.09740      -10.69442827492396000000
0.09750      -10.68375427353037000000
0.09760      -10.67310186913378000000
0.09770      -10.66247099547090000000
0.09780      -10.65186158654942000000
0.09790      -10.64127357664662000000
0.09800      -10.63070690030807000000
0.09810      -10.62016149234617000000
0.09820      -10.60963728783884000000
0.09830      -10.59913422212819000000
0.09840      -10.58865223081911000000
0.09850      -10.57819124977800000000
0.09860      -10.56775121513141000000
0.09870      -10.55733206326475000000
0.09880      -10.54693373082094000000
0.09890      -10.53655615469915000000
0.09900      -10.52619927205346000000
0.09910      -10.51586302029162000000
0.09920      -10.50554733707376000000
0.09930      -10.49525216031109000000
0.09940      -10.48497742816466000000
0.09950      -10.47472307904411000000
0.09960      -10.46448905160642000000
0.09970      -10.45427528475465000000
0.09980      -10.44408171763672000000
0.09990      -10.43390828964420000000
0.10000      -10.42375494041108000000
0.10010      -10.41362160981252000000
0.10020      -10.40350823796373000000
0.10030      -10.39341476521870000000
0.10040      -10.38334113216903000000
0.10050      -10.37328727964278000000
0.10060      -10.36325314870325000000
0.10070      -10.35323868064785000000
0.10080      -10.34324381700689000000
0.10090      -10.33326849954249000000
0.10100      -10.32331267024738000000
0.10110      -10.31337627134378000000
0.10120      -10.30345924528226000000
0.10130      -10.29356153474064000000
0.10140      -10.28368308262282000000
0.10150      -10.27382383205770000000
0.10160      -10.26398372639809000000
0.10170      -10.25416270921954000000
0.10180      -10.24436072431933000000
0.10190      -10.23457771571532000000
0.10200      -10.22481362764492000000
0.10210      -10.21506840456394000000
0.10220      -10.20534199114561000000
0.10230      -10.19563433227946000000
0.10240      -10.18594537307029000000
0.10250      -10.17627505883707000000
0.10260      -10.16662333511200000000
0.10270      -10.15699014763934000000
0.10280      -10.14737544237451000000
0.10290      -10.13777916548294000000
0.10300      -10.12820126333916000000
0.10310      -10.11864168252570000000
0.10320      -10.10910036983214000000
0.10330      -10.09957727225409000000
0.10340      -10.09007233699216000000
0.10350      -10.08058551145103000000
0.10360      -10.07111674323844000000
0.10370      -10.06166598016416000000
0.10380      -10.05223317023913000000
0.10390      -10.04281826167436000000
0.10400      -10.03342120288008000000
0.10410      -10.02404194246471000000
0.10420      -10.01468042923395000000
0.10430      -10.00533661218980000000
0.10440       -9.99601044052967000000
0.10450       -9.98670186364537000000
0.10460       -9.97741083112227000000
0.10470       -9.96813729273831000000
0.10480       -9.95888119846309000000
0.10490       -9.94964249845700000000
0.10500       -9.94042114307024000000
0.10510       -9.93121708284199000000
0.10520       -9.92203026849947000000
0.10530       -9.91286065095704000000
0.10540       -9.90370818131535000000
0.10550       -9.89457281086041000000
0.10560       -9.88545449106278000000
0.10570       -9.87635317357660000000
0.10580       -9.86726881023882000000
0.10590       -9.85820135306827000000
0.10600       -9.84915075426483000000
0.10610       -9.84011696620859000000
0.10620       -9.83109994145896000000
0.10630       -9.82209963275386000000
0.10640       -9.81311599300888000000
0.10650       -9.80414897531642000000
0.10660       -9.79519853294490000000
0.10670       -9.78626461933790000000
0.10680       -9.77734718811336000000
0.10690       -9.76844619306275000000
0.10700       -9.75956158815026000000
0.10710       -9.75069332751204000000
0.10720       -9.74184136545530000000
0.10730       -9.73300565645763000000
0.10740       -9.72418615516611000000
0.10750       -9.71538281639657000000
0.10760       -9.70659559513281000000
0.10770       -9.69782444652577000000
0.10780       -9.68906932589284000000
0.10790       -9.68033018871700000000
0.10800       -9.67160699064612000000
0.10810       -9.66289968749215000000
0.10820       -9.65420823523039000000
0.10830       -9.64553258999873000000
0.10840       -9.63687270809690000000
0.10850       -9.62822854598571000000
0.10860       -9.61960006028635000000
0.10870       -9.61098720777958000000
0.10880       -9.60238994540508000000
0.10890       -9.59380823026065000000
0.10900       -9.58524201960153000000
0.10910       -9.57669127083966000000
0.10920       -9.56815594154297000000
0.10930       -9.55963598943467000000
0.10940       -9.55113137239250000000
0.10950       -9.54264204844808000000
0.10960       -9.53416797578619000000
0.10970       -9.52570911274405000000
0.10980       -9.51726541781067000000
0.10990       -9.50883684962610000000
0.11000       -9.50042336698078000000
0.11010       -9.49202492881489000000
0.11020       -9.48364149421757000000
0.11030       -9.47527302242637000000
0.11040       -9.46691947282647000000
0.11050       -9.45858080495009000000
0.11060       -9.45025697847577000000
0.11070       -9.44194795322775000000
0.11080       -9.43365368917527000000
0.11090       -9.42537414643197000000
0.11100       -9.41710928525519000000
0.11110       -9.40885906604536000000
0.11120       -9.40062344934532000000
0.11130       -9.39240239583971000000
0.11140       -9.38419586635434000000
0.11150       -9.37600382185552000000
0.11160       -9.36782622344945000000
0.11170       -9.35966303238162000000
0.11180       -9.35151421003613000000
0.11190       -9.34337971793513000000
0.11200       -9.33525951773816000000
0.11210       -9.32715357124157000000
0.11220       -9.31906184037787000000
0.11230       -9.31098428721518000000
0.11240       -9.30292087395657000000
0.11250       -9.29487156293950000000
0.11260       -9.28683631663518000000
0.11270       -9.27881509764806000000
0.11280       -9.27080786871512000000
0.11290       -9.26281459270540000000
0.11300       -9.25483523261934000000
0.11310       -9.24686975158821000000
0.11320       -9.23891811287357000000
0.11330       -9.23098027986666000000
0.11340       -9.22305621608783000000
0.11350       -9.21514588518599000000
0.11360       -9.20724925093802000000
0.11370       -9.19936627724824000000
0.11380       -9.19149692814781000000
0.11390       -9.18364116779420000000
0.11400       -9.17579896047064000000
0.11410       -9.16797027058554000000
0.11420       -9.16015506267199000000
0.11430       -9.15235330138714000000
0.11440       -9.14456495151175000000
0.11450       -9.13678997794957000000
0.11460       -9.12902834572686000000
0.11470       -9.12128001999180000000
0.11480       -9.11354496601404000000
0.11490       -9.10582314918407000000
0.11500       -9.09811453501279000000
0.11510       -9.09041908913092000000
0.11520       -9.08273677728851000000
0.11530       -9.07506756535442000000
0.11540       -9.06741141931580000000
0.11550       -9.05976830527759000000
0.11560       -9.05213818946197000000
0.11570       -9.04452103820792000000
0.11580       -9.03691681797066000000
0.11590       -9.02932549532118000000
0.11600       -9.02174703694572000000
0.11610       -9.01418140964527000000
0.11620       -9.00662858033512000000
0.11630       -8.99908851604431000000
0.11640       -8.99156118391519000000
0.11650       -8.98404655120291000000
0.11660       -8.97654458527491000000
0.11670       -8.96905525361050000000
0.11680       -8.96157852380035000000
0.11690       -8.95411436354599000000
0.11700       -8.94666274065938000000
0.11710       -8.93922362306239000000
0.11720       -8.93179697878640000000
0.11730       -8.92438277597176000000
0.11740       -8.91698098286737000000
0.11750       -8.90959156783019000000
0.11760       -8.90221449932482000000
0.11770       -8.89484974592301000000
0.11780       -8.88749727630320000000
0.11790       -8.88015705925011000000
0.11800       -8.87282906365424000000
0.11810       -8.86551325851144000000
0.11820       -8.85820961292249000000
0.11830       -8.85091809609262000000
0.11840       -8.84363867733108000000
0.11850       -8.83637132605071000000
0.11860       -8.82911601176751000000
0.11870       -8.82187270410017000000
0.11880       -8.81464137276967000000
0.11890       -8.80742198759885000000
0.11900       -8.80021451851197000000
0.11910       -8.79301893553429000000
0.11920       -8.78583520879162000000
0.11930       -8.77866330850994000000
0.11940       -8.77150320501498000000
0.11950       -8.76435486873175000000
0.11960       -8.75721827018420000000
0.11970       -8.75009337999472000000
0.11980       -8.74298016888382000000
0.11990       -8.73587860766965000000
0.12000       -8.72878866726762000000
0.12010       -8.72171031869003000000
0.12020       -8.71464353304559000000
0.12030       -8.70758828153907000000
0.12040       -8.70054453547092000000
0.12050       -8.69351226623681000000
0.12060       -8.68649144532729000000
0.12070       -8.67948204432738000000
0.12080       -8.67248403491617000000
0.12090       -8.66549738886644000000
0.12100       -8.65852207804428000000
0.12110       -8.65155807440866000000
0.12120       -8.64460535001113000000
0.12130       -8.63766387699536000000
0.12140       -8.63073362759680000000
0.12150       -8.62381457414230000000
0.12160       -8.61690668904971000000
0.12170       -8.61000994482755000000
0.12180       -8.60312431407458000000
0.12190       -8.59624976947948000000
0.12200       -8.58938628382047000000
0.12210       -8.58253382996492000000
0.12220       -8.57569238086902000000
0.12230       -8.56886190957737000000
0.12240       -8.56204238922268000000
0.12250       -8.55523379302536000000
0.12260       -8.54843609429317000000
0.12270       -8.54164926642090000000
0.12280       -8.53487328288997000000
0.12290       -8.52810811726810000000
0.12300       -8.52135374320897000000
0.12310       -8.51461013445184000000
0.12320       -8.50787726482123000000
0.12330       -8.50115510822656000000
0.12340       -8.49444363866181000000
0.12350       -8.48774283020518000000
0.12360       -8.48105265701875000000
0.12370       -8.47437309334813000000
0.12380       -8.46770411352214000000
0.12390       -8.46104569195247000000
0.12400       -8.45439780313331000000
0.12410       -8.44776042164109000000
0.12420       -8.44113352213408000000
0.12430       -8.43451707935209000000
0.12440       -8.42791106811616000000
0.12450       -8.42131546332820000000
0.12460       -8.41473023997066000000
0.12470       -8.40815537310628000000
0.12480       -8.40159083787765000000
0.12490       -8.39503660950702000000
0.12500       -8.38849266329586000000
0.12510       -8.38195897462463000000
0.12520       -8.37543551895244000000
0.12530       -8.36892227181672000000
0.12540       -8.36241920883291000000
0.12550       -8.35592630569418000000
0.12560       -8.34944353817108000000
0.12570       -8.34297088211126000000
0.12580       -8.33650831343915000000
0.12590       -8.33005580815566000000
0.12600       -8.32361334233788000000
0.12610       -8.31718089213876000000
0.12620       -8.31075843378685000000
0.12630       -8.30434594358594000000
0.12640       -8.29794339791483000000
0.12650       -8.29155077322698000000
0.12660       -8.28516804605023000000
0.12670       -8.27879519298653000000
0.12680       -8.27243219071162000000
0.12690       -8.26607901597474000000
0.12700       -8.25973564559836000000
0.12710       -8.25340205647788000000
0.12720       -8.24707822558135000000
0.12730       -8.24076412994916000000
0.12740       -8.23445974669380000000
0.12750       -8.22816505299952000000
0.12760       -8.22188002612212000000
0.12770       -8.21560464338861000000
0.12780       -8.20933888219694000000
0.12790       -8.20308272001577000000
0.12800       -8.19683613438412000000
0.12810       -8.19059910291116000000
0.12820       -8.18437160327590000000
0.12830       -8.17815361322694000000
0.12840       -8.17194511058217000000
0.12850       -8.16574607322854000000
0.12860       -8.15955647912176000000
0.12870       -8.15337630628602000000
0.12880       -8.14720553281377000000
0.12890       -8.14104413686545000000
0.12900       -8.13489209666916000000
0.12910       -8.12874939052049000000
0.12920       -8.12261599678219000000
0.12930       -8.11649189388395000000
0.12940       -8.11037706032210000000
0.12950       -8.10427147465943000000
0.12960       -8.09817511552482000000
0.12970       -8.09208796161310000000
0.12980       -8.08600999168471000000
0.12990       -8.07994118456551000000
0.13000       -8.07388151914648000000
0.13010       -8.06783097438350000000
0.13020       -8.06178952929708000000
0.13030       -8.05575716297212000000
0.13040       -8.04973385455769000000
0.13050       -8.04371958326675000000
0.13060       -8.03771432837588000000
0.13070       -8.03171806922513000000
0.13080       -8.02573078521767000000
0.13090       -8.01975245581963000000
0.13100       -8.01378306055981000000
0.13110       -8.00782257902947000000
0.13120       -8.00187099088208000000
0.13130       -7.99592827583306000000
0.13140       -7.98999441365960500000
0.13150       -7.98406938420039000000
0.13160       -7.97815316735536900000
0.13170       -7.97224574308552300000
0.13180       -7.96634709141264900000
0.13190       -7.96045719241911500000
0.13200       -7.95457602624763400000
0.13210       -7.94870357310103600000
0.13220       -7.94283981324204000000
0.13230       -7.93698472699303400000
0.13240       -7.93113829473583600000
0.13250       -7.92530049691148400000
0.13260       -7.91947131402000300000
0.13270       -7.91365072662018800000
0.13280       -7.90783871532938100000
0.13290       -7.90203526082325000000
0.13300       -7.89624034383557200000
0.13310       -7.89045394515801100000
0.13320       -7.88467604563990300000
0.13330       -7.87890662618804500000
0.13340       -7.87314566776646400000
0.13350       -7.86739315139622300000
0.13360       -7.86164905815519300000
0.13370       -7.85591336917784300000
0.13380       -7.85018606565503600000
0.13390       -7.84446712883380600000
0.13400       -7.83875654001716100000
0.13410       -7.83305428056386900000
0.13420       -7.82736033188824300000
0.13430       -7.82167467545994900000
0.13440       -7.81599729280378800000
0.13450       -7.81032816549949700000
0.13460       -7.80466727518154000000
0.13470       -7.79901460353891300000
0.13480       -7.79337013231493100000
0.13490       -7.78773384330703600000
0.13500       -7.78210571836659700000
0.13510       -7.77648573939870000000
0.13520       -7.77087388836195400000
0.13530       -7.76527014726829900000
0.13540       -7.75967449818280700000
0.13550       -7.75408692322348300000
0.13560       -7.74850740456106700000
0.13570       -7.74293592441884500000
0.13580       -7.73737246507245400000
0.13590       -7.73181700884969200000
0.13600       -7.72626953813032300000
0.13610       -7.72073003534588400000
0.13620       -7.71519848297950100000
0.13630       -7.70967486356569000000
0.13640       -7.70415915969018300000
0.13650       -7.69865135398973100000
0.13660       -7.69315142915191400000
0.13670       -7.68765936791496400000
0.13680       -7.68217515306757400000
0.13690       -7.67669876744871300000
0.13700       -7.67123019394745400000
0.13710       -7.66576941550277300000
0.13720       -7.66031641510337700000
0.13730       -7.65487117578752500000
0.13740       -7.64943368064284500000
0.13750       -7.64400391280615600000
0.13760       -7.63858185546328100000
0.13770       -7.63316749184888500000
0.13780       -7.62776080524627900000
0.13790       -7.62236177898725900000
0.13800       -7.61697039645192500000
0.13810       -7.61158664106850200000
0.13820       -7.60621049631317300000
0.13830       -7.60084194570989500000
0.13840       -7.59548097283024300000
0.13850       -7.59012756129322600000
0.13860       -7.58478169476511300000
0.13870       -7.57944335695927500000
0.13880       -7.57411253163600000000
0.13890       -7.56878920260234300000
0.13900       -7.56347335371194200000
0.13910       -7.55816496886485300000
0.13920       -7.55286403200739200000
0.13930       -7.54757052713195700000
0.13940       -7.54228443827687500000
0.13950       -7.53700574952623000000
0.13960       -7.53173444500969600000
0.13970       -7.52647050890238100000
0.13980       -7.52121392542466100000
0.13990       -7.51596467884202200000
0.14000       -7.51072275346489200000
0.14010       -7.50548813364848700000
0.14020       -7.50026080379264400000
0.14030       -7.49504074834167300000
0.14040       -7.48982795178418700000
0.14050       -7.48462239865295600000
0.14060       -7.47942407352473600000
0.14070       -7.47423296102012600000
0.14080       -7.46904904580340300000
0.14090       -7.46387231258237300000
0.14100       -7.45870274610821400000
0.14110       -7.45354033117532100000
0.14120       -7.44838505262115500000
0.14130       -7.44323689532609300000
0.14140       -7.43809584421326800000
0.14150       -7.43296188424842900000
0.14160       -7.42783500043978200000
0.14170       -7.42271517783784200000
0.14180       -7.41760240153528600000
0.14190       -7.41249665666680400000
0.14200       -7.40739792840895400000
0.14210       -7.40230620198000100000
0.14220       -7.39722146263978900000
0.14230       -7.39214369568958300000
0.14240       -7.38707288647192800000
0.14250       -7.38200902037050400000
0.14260       -7.37695208280997800000
0.14270       -7.37190205925586500000
0.14280       -7.36685893521437900000
0.14290       -7.36182269623230600000
0.14300       -7.35679332789684000000
0.14310       -7.35177081583545700000
0.14320       -7.34675514571576700000
0.14330       -7.34174630324538300000
0.14340       -7.33674427417177000000
0.14350       -7.33174904428211500000
0.14360       -7.32676059940318400000
0.14370       -7.32177892540118700000
0.14380       -7.31680400818163500000
0.14390       -7.31183583368921600000
0.14400       -7.30687438790764600000
0.14410       -7.30191965685953900000
0.14420       -7.29697162660627200000
0.14430       -7.29203028324784800000
0.14440       -7.28709561292277000000
0.14450       -7.28216760180789800000
0.14460       -7.27724623611832500000
0.14470       -7.27233150210723600000
0.14480       -7.26742338606578300000
0.14490       -7.26252187432295600000
0.14500       -7.25762695324544000000
0.14510       -7.25273860923750200000
0.14520       -7.24785682874085100000
0.14530       -7.24298159823450900000
0.14540       -7.23811290423469000000
0.14550       -7.23325073329466200000
0.14560       -7.22839507200463000000
0.14570       -7.22354590699160100000
0.14580       -7.21870322491926400000
0.14590       -7.21386701248786100000
0.14600       -7.20903725643405800000
0.14610       -7.20421394353083200000
0.14620       -7.19939706058733600000
0.14630       -7.19458659444877600000
0.14640       -7.18978253199629700000
0.14650       -7.18498486014684800000
0.14660       -7.18019356585306900000
0.14670       -7.17540863610317000000
0.14680       -7.17063005792079700000
0.14690       -7.16585781836493000000
0.14700       -7.16109190452974800000
0.14710       -7.15633230354451700000
0.14720       -7.15157900257346800000
0.14730       -7.14683198881567500000
0.14740       -7.14209124950495200000
0.14750       -7.13735677190970900000
0.14760       -7.13262854333286400000
0.14770       -7.12790655111170200000
0.14780       -7.12319078261777400000
0.14790       -7.11848122525677000000
0.14800       -7.11377786646841800000
0.14810       -7.10908069372635400000
0.14820       -7.10438969453801800000
0.14830       -7.09970485644453600000
0.14840       -7.09502616702060100000
0.14850       -7.09035361387437300000
0.14860       -7.08568718464736000000
0.14870       -7.08102686701429800000
0.14880       -7.07637264868305000000
0.14890       -7.07172451739449100000
0.14900       -7.06708246092240000000
0.14910       -7.06244646707334200000
0.14920       -7.05781652368657000000
0.14930       -7.05319261863390100000
0.14940       -7.04857473981961600000
0.14950       -7.04396287518035700000
0.14960       -7.03935701268500600000
0.14970       -7.03475714033458700000
0.14980       -7.03016324616214800000
0.14990       -7.02557531823267000000
