 0.09      -11.54929287460644000000
 0.10      -10.42375494041108000000
 0.11       -9.50042336698079000000
 0.12       -8.72878866726763000000
 0.13       -8.07388151914648000000
 0.14       -7.51072275346489200000
 0.15       -7.02099334464294600000
 0.16       -6.59095315283226100000
 0.17       -6.21009422592486300000
 0.18       -5.87024299934441600000
 0.19       -5.56494601031145200000
 0.20       -5.28903989659218800000
 0.21       -5.03834425163695300000
 0.22       -4.80943824549876600000
 0.23       -4.59949551765262200000
 0.24       -4.40616034579260300000
 0.25       -4.22745353337626600000
 0.26       -4.06170001475411100000
 0.27       -3.90747254743432700000
 0.28       -3.76354746973079300000
 0.29       -3.62886961148933500000
 0.30       -3.50252422220013300000
 0.31       -3.38371433194904500000
 0.32       -3.27174235679599600000
 0.33       -3.16599504826720000000
 0.34       -3.06593109848523900000
 0.35       -2.97107086982594500000
 0.36       -2.88098783601475500000
 0.37       -2.79530141089056400000
 0.38       -2.71367090922682800000
 0.39       -2.63579043643184500000
 0.40       -2.56138454458511600000
 0.41       -2.49020452398180000000
 0.42       -2.42202522427640600000
 0.43       -2.35664231902028500000
 0.44       -2.29386994306080400000
 0.45       -2.23353864480866800000
 0.46       -2.17549360546534400000
 0.47       -2.11959308545672000000
 0.48       -2.06570706494448400000
 0.49       -2.01371605069512600000
 0.50       -1.96351002602142400000
 0.51       -1.91498752416357600000
 0.52       -1.86805480849737100000
 0.53       -1.82262514546411100000
 0.54       -1.77861815820648600000
 0.55       -1.73595925064217400000
 0.56       -1.69457909317365000000
 0.57       -1.65441316246783600000
 0.58       -1.61540132878270100000
 0.59       -1.57748748520227700000
 0.60       -1.54061921389319000000
 0.61       -1.50474748513663700000
 0.62       -1.46982638543747200000
 0.63       -1.43581287148162900000
 0.64       -1.40266654711658400000
 0.65       -1.37034946087721000000
 0.66       -1.33882592187962100000
 0.67       -1.30806233216550600000
 0.68       -1.27802703380498500000
 0.69       -1.24869016926209300000
 0.70       -1.22002355369793400000
 0.71       -1.19200055803574800000
 0.72       -1.16459600174273100000
 0.73       -1.13778605439795700000
 0.74       -1.11154814521625500000
 0.75       -1.08586087978647200000
 0.76       -1.06070396336052200000
 0.77       -1.03605813009853600000
 0.78       -1.01190507773639800000
 0.79       -0.98822740719595900000
 0.80       -0.96500856670613900000
 0.81       -0.94223280004578800000
 0.82       -0.91988509855706400000
 0.83       -0.89795115661193200000
 0.84       -0.87641733024462200000
 0.85       -0.85527059868981500000
 0.86       -0.83449852859059800000
 0.87       -0.81408924066183600000
 0.88       -0.79403137861410760000
 0.89       -0.77431408016084200000
 0.90       -0.75492694994705150000
 0.91       -0.73586003425221760000
 0.92       -0.71710379733272890000
 0.93       -0.69864909928080220000
 0.94       -0.68048717528730230000
 0.95       -0.66260961620532520000
 0.96       -0.64500835032000430000
 0.97       -0.62767562623777520000
 0.98       -0.61060399681541530000
 0.99       -0.59378630405559530000
 1.00       -0.57721566490153280000
 1.01       -0.56088545786867440000
 1.02       -0.54478931045617970000
 1.03       -0.52892108728543040000
 1.04       -0.51327487891683020000
 1.05       -0.49784499129987030000
 1.06       -0.48262593581482550000
 1.07       -0.46761241986755340000
 1.08       -0.45279933800171270000
 1.09       -0.43818176349533480000
 1.10       -0.42375494041107680000
 1.11       -0.40951427607169420000
 1.12       -0.39545533393429270000
 1.13       -0.38157382683879180000
 1.14       -0.36786561060774940000
 1.15       -0.35432667797627900000
 1.16       -0.34095315283226190000
 1.17       -0.32774128474839240000
 1.18       -0.31468744378886070000
 1.19       -0.30178811557461000000
 1.20       -0.28903989659218830000
 1.21       -0.27643948973219210000
 1.22       -0.26398370004422020000
 1.23       -0.25166943069610020000
 1.24       -0.23949367912593680000
 1.25       -0.22745353337626530000
 1.26       -0.21554616860026520000
 1.27       -0.20376884373062320000
 1.28       -0.19211889830222170000
 1.29       -0.18059374942036900000
 1.30       -0.16919088886679960000
 1.31       -0.15790788033614190000
 1.32       -0.14674235679599590000
 1.33       -0.13569201796416910000
 1.34       -0.12475462789700400000
 1.35       -0.11392801268308820000
 1.36       -0.10321005823697760000
 1.37       -0.09259870818786100000
 1.38       -0.08209196185840630000
 1.39       -0.07168787232928153000
 1.40       -0.06138454458511589000
 1.41       -0.05118013373789775000
 1.42       -0.04107284332402450000
 1.43       -0.03106092367144719000
 1.44       -0.02114267033353034000
 1.45       -0.01131642258644583000
 1.46       -0.00158056198708322900
 1.47        0.00806648901136509000
 1.48        0.01762626838884951000
 1.49        0.02710027583548624000
 1.50        0.03648997397857652000
 1.51        0.04579678956191452000
 1.52        0.05502211457955164000
 1.53        0.06416730736607718000
 1.54        0.07323369364536582000
 1.55        0.08222256753964440000
 1.56        0.09113519254063520000
 1.57        0.09997280244444470000
 1.58        0.10873660225178150000
 1.59        0.11742776903501110000
 1.60        0.12604745277347630000
 1.61        0.13459677715844530000
 1.62        0.14307684036898030000
 1.63        0.15148871581995850000
 1.64        0.15983345288341550000
 1.65        0.16811207758432790000
 1.66        0.17632559327189440000
 1.67        0.18447498126732950000
 1.68        0.19256120148913240000
 1.69        0.20058519305674700000
 1.70        0.20854787487349390000
 1.71        0.21645014618960480000
 1.72        0.22429288714615750000
 1.73        0.23207695930067280000
 1.74        0.23980320613509640000
 1.75        0.24747245354686120000
 1.76        0.25508551032368830000
 1.77        0.26264316860276280000
 1.78        0.27014620431488360000
 1.79        0.27759537761416800000
 1.80        0.28499143329386150000
 1.81        0.29233510118877960000
 1.82        0.29962709656488760000
 1.83        0.30686812049650110000
 1.84        0.31405886023156870000
 1.85        0.32119998954547970000
 1.86        0.32829216908382080000
 1.87        0.33533604669448550000
 1.88        0.34233225774952910000
 1.89        0.34928142545713570000
 1.90        0.35618416116405980000
 1.91        0.36304106464888130000
 1.92        0.36985272440640140000
 1.93        0.37661971792349880000
 1.94        0.38334261194674020000
 1.95        0.39002196274204310000
 1.96        0.39665831634666250000
 1.97        0.40325220881377140000
 1.98        0.40980416644989090000
 1.99        0.41631470604541500000
 2.00        0.42278433509846720000
 2.01        0.42921355203231580000
 2.02        0.43560284640656540000
 2.03        0.44195269912233670000
 2.04        0.44826358262163120000
 2.05        0.45453596108108190000
 2.06        0.46077029060026870000
 2.07        0.46696701938478280000
 2.08        0.47312658792421310000
 2.09        0.47924942916521560000
 2.10        0.48533596867983230000
 2.11        0.49138662482920660000
 2.12        0.49740180892285010000
 2.13        0.50338192537359730000
 2.14        0.50932737184839100000
 2.15        0.51523853941502490000
 2.16        0.52111581268497970000
 2.17        0.52695956995246240000
 2.18        0.53277018332978350000
 2.19        0.53854801887917150000
 2.20        0.54429343674114510000
 2.21        0.55000679125954340000
 2.22        0.55568843110332100000
 2.23        0.56133869938520060000
 2.24        0.56695793377728910000
 2.25        0.57254646662373480000
 2.26        0.57810462505052850000
 2.27        0.58363273107252630000
 2.28        0.58913110169777840000
 2.29        0.59460004902924340000
 2.30        0.60003988036396980000
 2.31        0.60545089828981220000
 2.32        0.61083340077976160000
 2.33        0.61618768128395120000
 2.34        0.62151402881941400000
 2.35        0.62681272805765250000
 2.36        0.63208405941008120000
 2.37        0.63732829911140910000
 2.38        0.64254571930101370000
 2.39        0.64773658810237310000
 2.40        0.65290116970059820000
 2.41        0.65803972441813080000
 2.42        0.66315250878865160000
 2.43        0.66823977562925240000
 2.44        0.67330177411091400000
 2.45        0.67833874982734730000
 2.46        0.68335094486223180000
 2.47        0.68833859785490240000
 2.48        0.69330194406452520000
 2.49        0.69824121543280180000
 2.50        0.70315664064524320000
 2.51        0.70804844519105370000
 2.52        0.71291685142165700000
 2.53        0.71776207860790730000
 2.54        0.72258434299601510000
 2.55        0.72738385786222520000
 2.56        0.73216083356627610000
 2.57        0.73691547760368030000
 2.58        0.74164799465684470000
 2.59        0.74635858664507390000
 2.60        0.75104745277347630000
 2.61        0.75571478958080540000
 2.62        0.76036079098626420000
 2.63        0.76498564833529570000
 2.64        0.76958955044439120000
 2.65        0.77417268364493380000
 2.66        0.77873523182611130000
 2.67        0.78327737647691040000
 2.68        0.78779929672722780000
 2.69        0.79230116938810800000
 2.70        0.79678316899114110000
 2.71        0.80124546782703200000
 2.72        0.80568823598336700000
 2.73        0.81011164138159800000
 2.74        0.81451584981325700000
 2.75        0.81890102497543300000
 2.76        0.82326732850550700000
 2.77        0.82761492001519200000
 2.78        0.83194395712387300000
 2.79        0.83625459549126300000
 2.80        0.84054698884941700000
 2.81        0.84482128903408400000
 2.82        0.84907764601543700000
 2.83        0.85331620792819500000
 2.84        0.85753712110113400000
 2.85        0.86174053008602000000
 2.86        0.86592657768597100000
 2.87        0.87009540498325500000
 2.88        0.87424715136655000000
 2.89        0.87838195455766500000
 2.90        0.88249995063774400000
 2.91        0.88660127407296500000
 2.92        0.89068605773973500000
 2.93        0.89475443294940600000
 2.94        0.89880652947251300000
 2.95        0.90284247556255600000
 2.96        0.90686239797931600000
 2.97        0.91086642201174100000
 2.98        0.91485467150039600000
 2.99        0.91882726885948600000
 3.00        0.92278433509846700000
 3.01        0.92672598984326100000
 3.02        0.93065235135706000000
 3.03        0.93456353656076000000
 3.04        0.93845966105300400000
 3.05        0.94234083912986300000
 3.06        0.94620718380415200000
 3.07        0.95005880682439600000
 3.08        0.95389581869344400000
 3.09        0.95771832868674700000
 3.10        0.96152644487030900000
 3.11        0.96532027411830600000
 3.12        0.96909992213039700000
 3.13        0.97286549344871500000
 3.14        0.97661709147455900000
 3.15        0.98035481848479200000
 3.16        0.98407877564794300000
 3.17        0.98778906304002000000
 3.18        0.99148577966005900000
 3.19        0.99516902344538200000
 3.20        0.99883889128660000000
 3.21        1.00249547904234900000
 3.22        1.00613888155377100000
 3.23        1.00976919265874300000
 3.24        1.01338650520586000000
 3.25        1.01699091106817900000
 3.26        1.02058250115672300000
 3.27        1.02416136543376000000
 3.28        1.02772759292584900000
 3.29        1.03128127173666700000
 3.30        1.03482248905962200000
 3.31        1.03835133119024500000
 3.32        1.04186788353838200000
 3.33        1.04537223064017400000
 3.34        1.04886445616984100000
 3.35        1.05234464295127000000
 3.36        1.05581287296940300000
 3.37        1.05926922738145100000
 3.38        1.06271378652790400000
 3.39        1.06614662994337700000
 3.40        1.06956783636726500000
 3.41        1.07297748375423000000
 3.42        1.07637564928451900000
 3.43        1.07976240937410800000
 3.44        1.08313783968468500000
 3.45        1.08650201513347000000
 3.46        1.08985500990288200000
 3.47        1.09319689745004400000
 3.48        1.09652775051613800000
 3.49        1.09984764113561300000
 3.50        1.10315664064524300000
 3.51        1.10645481969304600000
 3.52        1.10974224824705400000
 3.53        1.11301899560395500000
 3.54        1.11628513039759000000
 3.55        1.11954072060732300000
 3.56        1.12278583356627600000
 3.57        1.12602053596943900000
 3.58        1.12924489388165100000
 3.59        1.13245897274546000000
 3.60        1.13566283738886100000
 3.61        1.13885655203291300000
 3.62        1.14204018029924100000
 3.63        1.14521378521742500000
 3.64        1.14837742923227000000
 3.65        1.15153117421097200000
 3.66        1.15467508145017100000
 3.67        1.15780921168290300000
 3.68        1.16093362508543700000
 3.69        1.16404838128401900000
 3.70        1.16715353936151100000
 3.71        1.17024915786393200000
 3.72        1.17333529480689600000
 3.73        1.17641200768196400000
 3.74        1.17947935346289200000
 3.75        1.18253738861179600000
 3.76        1.18558616908521700000
 3.77        1.18862575034010200000
 3.78        1.19165618733970000000
 3.79        1.19467753455936300000
 3.80        1.19768984599227400000
 3.81        1.20069317515508000000
 3.82        1.20368757509345100000
 3.83        1.20667309838755900000
 3.84        1.20964979715747200000
 3.85        1.21261772306847600000
 3.86        1.21557692733632100000
 3.87        1.21852746073238400000
 3.88        1.22146937358877200000
 3.89        1.22440271580334000000
 3.90        1.22732753684464100000
 3.91        1.23024388575681400000
 3.92        1.23315181116439200000
 3.93        1.23605136127705100000
 3.94        1.23894258389428200000
 3.95        1.24182552641001400000
 3.96        1.24470023581715300000
 3.97        1.24756675871207800000
 3.98        1.25042514129905400000
 3.99        1.25327542939460200000
 4.00        1.25611766843180000000
 4.01        1.25895190346452300000
 4.02        1.26177817917163000000
 4.03        1.26459653986109000000
 4.04        1.26740702947405600000
 4.05        1.27020969158887900000
 4.06        1.27300456942506700000
 4.07        1.27579170584719800000
 4.08        1.27857114336876800000
 4.09        1.28134292415600200000
 4.10        1.28410709003159900000
 4.11        1.28686368247843500000
 4.12        1.28961274264321800000
 4.13        1.29235431134008800000
 4.14        1.29508842905417700000
 4.15        1.29781513594511000000
 4.16        1.30053447185047400000
 4.17        1.30324647628923100000
 4.18        1.30595118846509000000
 4.19        1.30864864726983300000
 4.20        1.31133889128660000000
 4.21        1.31402195879312800000
 4.22        1.31669788776495100000
 4.23        1.31936671587855800000
 4.24        1.32202848051450200000
 4.25        1.32468321876048700000
 4.26        1.32733096741439200000
 4.27        1.32997176298727700000
 4.28        1.33260564170633700000
 4.29        1.33523263951782200000
 4.30        1.33785279208992500000
 4.31        1.34046613481562300000
 4.32        1.34307270281549100000
 4.33        1.34567253094047500000
 4.34        1.34826565377463200000
 4.35        1.35085210563783700000
 4.36        1.35343192058845100000
 4.37        1.35600513242596200000
 4.38        1.35857177469358500000
 4.39        1.36113188068084000000
 4.40        1.36368548342608800000
 4.41        1.36623261571904000000
 4.42        1.36877331010323300000
 4.43        1.37130759887848100000
 4.44        1.37383551410328900000
 4.45        1.37635708759723800000
 4.46        1.37887235094334500000
 4.47        1.38138133549039000000
 4.48        1.38388407235521900000
 4.49        1.38638059242501100000
 4.50        1.38887092635952900000
 4.51        1.39135510459333000000
 4.52        1.39383315733796300000
 4.53        1.39630511458412500000
 4.54        1.39877100610380500000
 4.55        1.40123086145239300000
 4.56        1.40368470997077100000
 4.57        1.40613258078736600000
 4.58        1.40857450282019800000
 4.59        1.41101050477888600000
 4.60        1.41344061516663900000
 4.61        1.41586486228222000000
 4.62        1.41828327422189300000
 4.63        1.42069587888133700000
 4.64        1.42310270395754500000
 4.65        1.42550377695069800000
 4.66        1.42789912516601800000
 4.67        1.43028877571560100000
 4.68        1.43267275552021900000
 4.69        1.43505109131111900000
 4.70        1.43742380963178200000
 4.71        1.43979093683967300000
 4.72        1.44215249910797100000
 4.73        1.44450852242727200000
 4.74        1.44685903260727700000
 4.75        1.44920405527846300000
 4.76        1.45154361589372700000
 4.77        1.45387773973002200000
 4.78        1.45620645188996400000
 4.79        1.45852977730342600000
 4.80        1.46084774072911600000
 4.81        1.46316036675613000000
 4.82        1.46546767980549300000
 4.83        1.46776970413168400000
 4.84        1.47006646382413900000
 4.85        1.47235798280873600000
 4.86        1.47464428484927400000
 4.87        1.47692539354892200000
 4.88        1.47920133235165900000
 4.89        1.48147212454369900000
 4.90        1.48373779325489700000
 4.91        1.48599836146013900000
 4.92        1.48825385198071900000
 4.93        1.49050428748570200000
 4.94        1.49274969049326700000
 4.95        1.49499008337203900000
 4.96        1.49722548834240600000
 4.97        1.49945592747782000000
 4.98        1.50168142270608900000
 4.99        1.50390199581064300000
 5.00        1.50611766843180000000
 5.01        1.50832846206801500000
 5.02        1.51053439807710300000
 5.03        1.51273549767746700000
 5.04        1.51493178194930400000
 5.05        1.51712327183579200000
 5.06        1.51930998814427900000
 5.07        1.52149195154744300000
 5.08        1.52366918258445500000
 5.09        1.52584170166211500000
 5.10        1.52800952905598900000
 5.11        1.53017268491152500000
 5.12        1.53233118924515900000
 5.13        1.53448506194541500000
 5.14        1.53663432277398400000
 5.15        1.53877899136679700000
 5.16        1.54091908723509000000
 5.17        1.54305462976645000000
 5.18        1.54518563822585600000
 5.19        1.54731213175670600000
 5.20        1.54943412938183800000
 5.21        1.55155165000452900000
 5.22        1.55366471240950100000
 5.23        1.55577333526390100000
 5.24        1.55787753711827600000
 5.25        1.55997733640754600000
 5.26        1.56207275145195100000
 5.27        1.56416380045800300000
 5.28        1.56625050151942100000
 5.29        1.56833287261805500000
 5.30        1.57041093162480800000
 5.31        1.57248469630054200000
 5.32        1.57455418429697200000
 5.33        1.57661941315756500000
 5.34        1.57868040031841000000
 5.35        1.58073716310910100000
 5.36        1.58278971875358900000
 5.37        1.58483808437104200000
 5.38        1.58688227697669000000
 5.39        1.58892231348266300000
 5.40        1.59095821069881500000
 5.41        1.59298998533355200000
 5.42        1.59501765399463600000
 5.43        1.59704123318999400000
 5.44        1.59906073932851400000
 5.45        1.60107618872083300000
 5.46        1.60308759758011600000
 5.47        1.60509498202282800000
 5.48        1.60709835806950400000
 5.49        1.60909774164550100000
 5.50        1.61109314858175100000
 5.51        1.61308459461550300000
 5.52        1.61507209539106000000
 5.53        1.61705566646050400000
 5.54        1.61903532328442100000
 5.55        1.62101108123261300000
 5.56        1.62298295558480600000
 5.57        1.62495096153134900000
 5.58        1.62691511417391000000
 5.59        1.62887542852616300000
 5.60        1.63083191951446500000
 5.61        1.63278460197853300000
 5.62        1.63473349067211000000
 5.63        1.63667860026362600000
 5.64        1.63861994533685500000
 5.65        1.64055754039155800000
 5.66        1.64249139984413000000
 5.67        1.64442153802823400000
 5.68        1.64634796919543300000
 5.69        1.64827070751581000000
 5.70        1.65018976707859000000
 5.71        1.65210516189275200000
 5.72        1.65401690588763200000
 5.73        1.65592501291353000000
 5.74        1.65782949674229900000
 5.75        1.65973037106793700000
 5.76        1.66162764950717300000
 5.77        1.66352134560004300000
 5.78        1.66541147281046700000
 5.79        1.66729804452680900000
 5.80        1.66918107406245000000
 5.81        1.67106057465633800000
 5.82        1.67293655947354300000
 5.83        1.67480904160580400000
 5.84        1.67667803407207300000
 5.85        1.67854354981904600000
 5.86        1.68040560172170200000
 5.87        1.68226420258383000000
 5.88        1.68411936513854400000
 5.89        1.68597110204881200000
 5.90        1.68781942590795800000
 5.91        1.68966434924018000000
 5.92        1.69150588450104400000
 5.93        1.69334404407799400000
 5.94        1.69517884029083800000
 5.95        1.69701028539224100000
 5.96        1.69883839156821200000
 5.97        1.70066317093858500000
 5.98        1.70248463555749500000
 5.99        1.70430279741384900000
 6.00        1.70611766843180000000
 6.01        1.70792926047120800000
 6.02        1.70973758532809800000
 6.03        1.71154265473512100000
 6.04        1.71334448036200200000
 6.05        1.71514307381599000000
 6.06        1.71693844664230300000
 6.07        1.71873061032456400000
 6.08        1.72051957628524200000
 6.09        1.72230535588608400000
 6.10        1.72408796042853800000
 6.11        1.72586740115418600000
 6.12        1.72764368924515900000
 6.13        1.72941683582455800000
 6.14        1.73118685195686300000
 6.15        1.73295374864835000000
 6.16        1.73471753684749300000
 6.17        1.73647822744536700000
 6.18        1.73823583127604900000
 6.19        1.73999035911701500000
 6.20        1.74174182168953000000
 6.21        1.74349022965904000000
 6.22        1.74523559363555500000
 6.23        1.74697792417403400000
 6.24        1.74871723177476500000
 6.25        1.75045352688373600000
 6.26        1.75218681989301500000
 6.27        1.75391712114111500000
 6.28        1.75564444091336000000
 6.29        1.75736878944225200000
 6.30        1.75909017690782700000
 6.31        1.76080861343801800000
 6.32        1.76252410910900200000
 6.33        1.76423667394555700000
 6.34        1.76594631792140700000
 6.35        1.76765305095956900000
 6.36        1.76935688293269300000
 6.37        1.77105782366340700000
 6.38        1.77275588292464500000
 6.39        1.77445107043999100000
 6.40        1.77614339588400000000
 6.41        1.77783286888253500000
 6.42        1.77951949901308600000
 6.43        1.78120329580509500000
 6.44        1.78288426874027900000
 6.45        1.78456242725294300000
 6.46        1.78623778073029900000
 6.47        1.78791033851277300000
 6.48        1.78958010989432200000
 6.49        1.79124710412273300000
 6.50        1.79291133039993300000
 6.51        1.79457279788229100000
 6.52        1.79623151568091500000
 6.53        1.79788749286195100000
 6.54        1.79954073844687600000
 6.55        1.80119126141279400000
 6.56        1.80283907069272000000
 6.57        1.80448417517587300000
 6.58        1.80612658370796100000
 6.59        1.80776630509145800000
 6.60        1.80940334808589300000
 6.61        1.81103772140812300000
 6.62        1.81266943373260800000
 6.63        1.81429849369169000000
 6.64        1.81592490987586200000
 6.65        1.81754869083403600000
 6.66        1.81916984507381200000
 6.67        1.82078838106174400000
 6.68        1.82240430722360200000
 6.69        1.82401763194463200000
 6.70        1.82562836356981800000
 6.71        1.82723651040413500000
 6.72        1.82884208071280700000
 6.73        1.83044508272155800000
 6.74        1.83204552461686300000
 6.75        1.83364341454619800000
 6.76        1.83523876061828400000
 6.77        1.83683157090333600000
 6.78        1.83842185343330400000
 6.79        1.84000961620211100000
 6.80        1.84159486716589800000
 6.81        1.84317761424325700000
 6.82        1.84475786531546700000
 6.83        1.84633562822673100000
 6.84        1.84791091078440100000
 6.85        1.84948372075921600000
 6.86        1.85105406588552400000
 6.87        1.85262195386151300000
 6.88        1.85418739234942900000
 6.89        1.85575038897580700000
 6.90        1.85731095133168700000
 6.91        1.85886908697283600000
 6.92        1.86042480341996300000
 6.93        1.86197810815893800000
 6.94        1.86352900864100600000
 6.95        1.86507751228299700000
 6.96        1.86662362646754100000
 6.97        1.86816735854327500000
 6.98        1.86970871582505300000
 6.99        1.87124770559415000000
 7.00        1.87278433509846700000
 7.01        1.87431861155273900000
 7.02        1.87585054213873000000
 7.03        1.87738013400543700000
 7.04        1.87890739426928700000
 7.05        1.88043233001433800000
 7.06        1.88195494829246700000
 7.07        1.88347525612357500000
 7.08        1.88499326049576800000
 7.09        1.88650896836555800000
 7.10        1.88802238665804600000
 7.11        1.88953352226711600000
 7.12        1.89104238205561700000
 7.13        1.89254897285555300000
 7.14        1.89405330146826400000
 7.15        1.89555537466461000000
 7.16        1.89705519918515500000
 7.17        1.89855278174034200000
 7.18        1.90004812901067700000
 7.19        1.90154124764690200000
 7.20        1.90303214427017500000
 7.21        1.90452082547224400000
 7.22        1.90600729781561900000
 7.23        1.90749156783374600000
 7.24        1.90897364203117500000
 7.25        1.91045352688373600000
 7.26        1.91193122883870200000
 7.27        1.91340675431495800000
 7.28        1.91488010970316900000
 7.29        1.91635130136594000000
 7.30        1.91782033563798600000
 7.31        1.91928721882629100000
 7.32        1.92075195721026800000
 7.33        1.92221455704192400000
 7.34        1.92367502454601200000
 7.35        1.92513336592019900000
 7.36        1.92658958733520900000
 7.37        1.92804369493499200000
 7.38        1.92949569483687100000
 7.39        1.93094559313169700000
 7.40        1.93239339588400000000
 7.41        1.93383910913214500000
 7.42        1.93528273888847500000
 7.43        1.93672429113946500000
 7.44        1.93816377184586900000
 7.45        1.93960118694286600000
 7.46        1.94103654234020600000
 7.47        1.94246984392235600000
 7.48        1.94390109754864300000
 7.49        1.94533030905339500000
 7.50        1.94675748424608700000
 7.51        1.94818262891147700000
 7.52        1.94960574880975000000
 7.53        1.95102684967665200000
 7.54        1.95244593722363500000
 7.55        1.95386301713798400000
 7.56        1.95527809508296400000
 7.57        1.95669117669794300000
 7.58        1.95810226759853800000
 7.59        1.95951137337673900000
 7.60        1.96091849960104500000
 7.61        1.96232365181659500000
 7.62        1.96372683554529700000
 7.63        1.96512805628595900000
 7.64        1.96652731951441600000
 7.65        1.96792463068366000000
 7.66        1.96931999522396200000
 7.67        1.97071341854300400000
 7.68        1.97210490602599700000
 7.69        1.97349446303581300000
 7.70        1.97488209491310200000
 7.71        1.97626780697641600000
 7.72        1.97765160452233100000
 7.73        1.97903349282557000000
 7.74        1.98041347713911800000
 7.75        1.98179156269434500000
 7.76        1.98316775470112400000
 7.77        1.98454205834794500000
 7.78        1.98591447880203600000
 7.79        1.98728502120947500000
 7.80        1.98865369069531000000
 7.81        1.99002049236366800000
 7.82        1.99138543129787200000
 7.83        1.99274851256055200000
 7.84        1.99410974119375800000
 7.85        1.99546912221907000000
 7.86        1.99682666063771100000
 7.87        1.99818236143065400000
 7.88        1.99953622955873100000
 7.89        2.00088826996274400000
 7.90        2.00223848756357100000
 7.91        2.00358688726227200000
 7.92        2.00493347394019400000
 7.93        2.00627825245908300000
 7.94        2.00762122766117900000
 7.95        2.00896240436932800000
 7.96        2.01030178738708100000
 7.97        2.01163938149879900000
 7.98        2.01297519146975200000
 7.99        2.01430922204622400000
 8.00        2.01564147795561000000
 8.01        2.01697196390651900000
 8.02        2.01830068458887200000
 8.03        2.01962764467400000000
 8.04        2.02095284881474100000
 8.05        2.02227630164554300000
 8.06        2.02359800778255300000
 8.07        2.02491797182371700000
 8.08        2.02623619834887600000
 8.09        2.02755269191986000000
 8.10        2.02886745708058100000
 8.11        2.03018049835713000000
 8.12        2.03149182025786400000
 8.13        2.03280142727350500000
 8.14        2.03410932387722800000
 8.15        2.03541551452475000000
 8.16        2.03672000365442900000
 8.17        2.03802279568734400000
 8.18        2.03932389502739000000
 8.19        2.04062330606136600000
 8.20        2.04192103315906400000
 8.21        2.04321708067335400000
 8.22        2.04451145294027300000
 8.23        2.04580415427911200000
 8.24        2.04709518899250100000
 8.25        2.04838456136649500000
 8.26        2.04967227567065800000
 8.27        2.05095833615815000000
 8.28        2.05224274706580600000
 8.29        2.05352551261422500000
 8.30        2.05480663700784900000
 8.31        2.05608612443504600000
 8.32        2.05736397906819100000
 8.33        2.05864020506375200000
 8.34        2.05991480656236100000
 8.35        2.06118778768890600000
 8.36        2.06245915255260000000
 8.37        2.06372890524706800000
 8.38        2.06499704985042200000
 8.39        2.06626359042533700000
 8.40        2.06752853101913600000
 8.41        2.06879187566385900000
 8.42        2.07005362837634600000
 8.43        2.07131379315830800000
 8.44        2.07257237399640700000
 8.45        2.07382937486232900000
 8.46        2.07508479971286000000
 8.47        2.07633865248996000000
 8.48        2.07759093712083500000
 8.49        2.07884165751801500000
 8.50        2.08009081757942000000
 8.51        2.08133842118844100000
 8.52        2.08258447221400500000
 8.53        2.08382897451065000000
 8.54        2.08507193191859500000
 8.55        2.08631334826381200000
 8.56        2.08755322735809600000
 8.57        2.08879157299913200000
 8.58        2.09002838897057000000
 8.59        2.09126367904208800000
 8.60        2.09249744696946600000
 8.61        2.09372969649465000000
 8.62        2.09496043134582200000
 8.63        2.09618965523746600000
 8.64        2.09741737187043700000
 8.65        2.09864358493202600000
 8.66        2.09986829809602500000
 8.67        2.10109151502279500000
 8.68        2.10231323935933000000
 8.69        2.10353347473932400000
 8.70        2.10475222478323200000
 8.71        2.10596949309833500000
 8.72        2.10718528327880800000
 8.73        2.10839959890577700000
 8.74        2.10961244354738700000
 8.75        2.11082382075886200000
 8.76        2.11203373408256700000
 8.77        2.11324218704807400000
 8.78        2.11444918317221500000
 8.79        2.11565472595915400000
 8.80        2.11685881890043800000
 8.81        2.11806146547506300000
 8.82        2.11926266914953400000
 8.83        2.12046243337792100000
 8.84        2.12166076160192100000
 8.85        2.12285765725091700000
 8.86        2.12405312374203700000
 8.87        2.12524716448020900000
 8.88        2.12643978285822400000
 8.89        2.12763098225678700000
 8.90        2.12882076604458300000
 8.91        2.13000913757832700000
 8.92        2.13119610020282000000
 8.93        2.13238165725101200000
 8.94        2.13356581204405100000
 8.95        2.13474856789134100000
 8.96        2.13592992809060000000
 8.97        2.13710989592790800000
 8.98        2.13828847467777200000
 8.99        2.13946566760317000000
 9.00        2.14064147795561000000
 9.01        2.14181590897518300000
 9.02        2.14298896389061700000
 9.03        2.14416064591933000000
 9.04        2.14533095826747800000
 9.05        2.14649990413001600000
 9.06        2.14766748669074100000
 9.07        2.14883370912235300000
 9.08        2.14999857458650000000
 9.09        2.15116208623382700000
 9.10        2.15232424720403800000
 9.11        2.15348506062593400000
 9.12        2.15464452961747000000
 9.13        2.15580265728580500000
 9.14        2.15695944672735000000
 9.15        2.15811490102781800000
 9.16        2.15926902326227200000
 9.17        2.16042181649517700000
 9.18        2.16157328378044600000
 9.19        2.16272342816148800000
 9.20        2.16387225267125900000
 9.21        2.16501976033230600000
 9.22        2.16616595415681800000
 9.23        2.16731083714667000000
 9.24        2.16845441229347200000
 9.25        2.16959668257861600000
 9.26        2.17073765097332100000
 9.27        2.17187732043868200000
 9.28        2.17301569392570900000
 9.29        2.17415277437538300000
 9.30        2.17528856471869300000
 9.31        2.17642306787668300000
 9.32        2.17755628676049900000
 9.33        2.17868822427143500000
 9.34        2.17981888330097000000
 9.35        2.18094826673082200000
 9.36        2.18207637743298300000
 9.37        2.18320321826976800000
 9.38        2.18432879209385800000
 9.39        2.18545310174834100000
 9.40        2.18657615006675500000
 9.41        2.18769793987313400000
 9.42        2.18881847398204600000
 9.43        2.18993775519864000000
 9.44        2.19105578631868200000
 9.45        2.19217257012860100000
 9.46        2.19328810940553200000
 9.47        2.19440240691735100000
 9.48        2.19551546542272200000
 9.49        2.19662728767113600000
 9.50        2.19773787640294900000
 9.51        2.19884723434942800000
 9.52        2.19995536423278400000
 9.53        2.20106226876621800000
 9.54        2.20216795065395800000
 9.55        2.20327241259129700000
 9.56        2.20437565726463800000
 9.57        2.20547768735152400000
 9.58        2.20657850552068600000
 9.59        2.20767811443207700000
 9.60        2.20877651673690700000
 9.61        2.20987371507769300000
 9.62        2.21096971208828100000
 9.63        2.21206451039389700000
 9.64        2.21315811261117800000
 9.65        2.21425052134821100000
 9.66        2.21534173920457000000
 9.67        2.21643176877135300000
 9.68        2.21752061263122000000
 9.69        2.21860827335842700000
 9.70        2.21969475351886400000
 9.71        2.22078005567009200000
 9.72        2.22186418236137700000
 9.73        2.22294713613372700000
 9.74        2.22402891951992700000
 9.75        2.22510953504457600000
 9.76        2.22618898522412000000
 9.77        2.22726727256688800000
 9.78        2.22834439957312600000
 9.79        2.22942036873503600000
 9.80        2.23049518253680200000
 9.81        2.23156884345463200000
 9.82        2.23264135395679000000
 9.83        2.23371271650362900000
 9.84        2.23478293354762300000
 9.85        2.23585200753340300000
 9.86        2.23691994089779300000
 9.87        2.23798673606983700000
 9.88        2.23905239547083600000
 9.89        2.24011692151438000000
 9.90        2.24118031660638200000
 9.91        2.24224258314510600000
 9.92        2.24330372352120600000
 9.93        2.24436374011775400000
 9.94        2.24542263531027000000
 9.95        2.24648041146676000000
 9.96        2.24753707094774200000
 9.97        2.24859261610628100000
 9.98        2.24964704928801700000
 9.99        2.25070037283120100000
10.00        2.25175258906672100000
10.01        2.25280370031813600000
10.02        2.25385370890170400000
10.03        2.25490261712641700000
10.04        2.25595042729402700000
10.05        2.25699714169907600000
10.06        2.25804276262893100000
10.07        2.25908729236380900000
10.08        2.26013073317680800000
10.09        2.26117308733393800000
10.10        2.26221435709414800000
