30.00        3.38443813268552500000
30.01        3.38477702586381600000
30.02        3.38511580424339900000
30.03        3.38545446790201900000
30.04        3.38579301691733500000
30.05        3.38613145136693300000
30.06        3.38646977132831700000
30.07        3.38680797687891300000
30.08        3.38714606809607000000
30.09        3.38748404505705600000
30.10        3.38782190783906200000
30.11        3.38815965651920400000
30.12        3.38849729117451300000
30.13        3.38883481188194900000
30.14        3.38917221871839000000
30.15        3.38950951176063500000
30.16        3.38984669108541000000
30.17        3.39018375676936000000
30.18        3.39052070888905400000
30.19        3.39085754752098400000
30.20        3.39119427274156200000
30.21        3.39153088462712700000
30.22        3.39186738325393600000
30.23        3.39220376869817600000
30.24        3.39254004103594800000
30.25        3.39287620034328500000
30.26        3.39321224669613900000
30.27        3.39354818017038400000
30.28        3.39388400084182200000
30.29        3.39421970878617400000
30.30        3.39455530407909100000
30.31        3.39489078679614100000
30.32        3.39522615701281900000
30.33        3.39556141480454800000
30.34        3.39589656024666600000
30.35        3.39623159341444200000
30.36        3.39656651438307100000
30.37        3.39690132322766600000
30.38        3.39723602002326900000
30.39        3.39757060484484700000
30.40        3.39790507776729200000
30.41        3.39823943886541500000
30.42        3.39857368821395900000
30.43        3.39890782588759100000
30.44        3.39924185196090000000
30.45        3.39957576650840200000
30.46        3.39990956960453900000
30.47        3.40024326132367800000
30.48        3.40057684174011100000
30.49        3.40091031092805800000
30.50        3.40124366896166000000
30.51        3.40157691591499100000
30.52        3.40191005186204400000
30.53        3.40224307687674300000
30.54        3.40257599103293500000
30.55        3.40290879440439400000
30.56        3.40324148706482200000
30.57        3.40357406908784600000
30.58        3.40390654054702100000
30.59        3.40423890151582600000
30.60        3.40457115206767000000
30.61        3.40490329227588600000
30.62        3.40523532221373700000
30.63        3.40556724195441000000
30.64        3.40589905157102100000
30.65        3.40623075113661300000
30.66        3.40656234072415600000
30.67        3.40689382040654700000
30.68        3.40722519025661200000
30.69        3.40755645034710400000
30.70        3.40788760075070400000
30.71        3.40821864154001800000
30.72        3.40854957278758500000
30.73        3.40888039456586800000
30.74        3.40921110694726100000
30.75        3.40954171000408200000
30.76        3.40987220380858200000
30.77        3.41020258843293800000
30.78        3.41053286394925700000
30.79        3.41086303042957200000
30.80        3.41119308794584700000
30.81        3.41152303656997300000
30.82        3.41185287637377300000
30.83        3.41218260742899500000
30.84        3.41251222980731800000
30.85        3.41284174358035200000
30.86        3.41317114881963200000
30.87        3.41350044559662800000
30.88        3.41382963398273100000
30.89        3.41415871404927100000
30.90        3.41448768586750200000
30.91        3.41481654950861000000
30.92        3.41514530504370800000
30.93        3.41547395254384200000
30.94        3.41580249207998600000
30.95        3.41613092372304500000
30.96        3.41645924754385500000
30.97        3.41678746361318000000
30.98        3.41711557200171700000
30.99        3.41744357278009000000
31.00        3.41777146601885800000
31.01        3.41809925178850800000
31.02        3.41842693015945500000
31.03        3.41875450120205200000
31.04        3.41908196498657600000
31.05        3.41940932158323900000
31.06        3.41973657106218200000
31.07        3.42006371349347900000
31.08        3.42039074894713400000
31.09        3.42071767749308100000
31.10        3.42104449920118900000
31.11        3.42137121414125600000
31.12        3.42169782238301300000
31.13        3.42202432399612100000
31.14        3.42235071905017500000
31.15        3.42267700761469800000
31.16        3.42300318975915000000
31.17        3.42332926555292000000
31.18        3.42365523506533000000
31.19        3.42398109836563500000
31.20        3.42430685552301900000
31.21        3.42463250660660400000
31.22        3.42495805168543900000
31.23        3.42528349082851000000
31.24        3.42560882410473100000
31.25        3.42593405158295500000
31.26        3.42625917333196100000
31.27        3.42658418942046700000
31.28        3.42690909991711900000
31.29        3.42723390489049900000
31.30        3.42755860440912400000
31.31        3.42788319854144000000
31.32        3.42820768735582700000
31.33        3.42853207092060400000
31.34        3.42885634930401600000
31.35        3.42918052257424400000
31.36        3.42950459079940800000
31.37        3.42982855404755400000
31.38        3.43015241238666600000
31.39        3.43047616588466400000
31.40        3.43079981460939600000
31.41        3.43112335862865100000
31.42        3.43144679801014600000
31.43        3.43177013282153800000
31.44        3.43209336313041300000
31.45        3.43241648900429600000
31.46        3.43273951051064500000
31.47        3.43306242771685100000
31.48        3.43338524069024200000
31.49        3.43370794949808100000
31.50        3.43403055420756200000
31.51        3.43435305488582000000
31.52        3.43467545159992100000
31.53        3.43499774441686700000
31.54        3.43531993340359600000
31.55        3.43564201862698000000
31.56        3.43596400015382700000
31.57        3.43628587805088200000
31.58        3.43660765238482300000
31.59        3.43692932322226600000
31.60        3.43725089062976200000
31.61        3.43757235467379600000
31.62        3.43789371542079100000
31.63        3.43821497293710700000
31.64        3.43853612728903600000
31.65        3.43885717854281200000
31.66        3.43917812676459900000
31.67        3.43949897202050200000
31.68        3.43981971437656000000
31.69        3.44014035389875000000
31.70        3.44046089065298400000
31.71        3.44078132470511100000
31.72        3.44110165612091800000
31.73        3.44142188496612800000
31.74        3.44174201130640200000
31.75        3.44206203520733400000
31.76        3.44238195673446000000
31.77        3.44270177595325000000
31.78        3.44302149292911400000
31.79        3.44334110772739600000
31.80        3.44366062041337900000
31.81        3.44398003105228400000
31.82        3.44429933970926900000
31.83        3.44461854644943000000
31.84        3.44493765133779800000
31.85        3.44525665443934800000
31.86        3.44557555581898400000
31.87        3.44589435554155800000
31.88        3.44621305367185000000
31.89        3.44653165027458700000
31.90        3.44685014541442800000
31.91        3.44716853915597300000
31.92        3.44748683156376000000
31.93        3.44780502270226400000
31.94        3.44812311263590000000
31.95        3.44844110142902200000
31.96        3.44875898914592200000
31.97        3.44907677585083000000
31.98        3.44939446160791400000
31.99        3.44971204648128400000
32.00        3.45002953053498700000
32.01        3.45034691383300900000
32.02        3.45066419643927500000
32.03        3.45098137841765000000
32.04        3.45129845983193700000
32.05        3.45161544074587900000
32.06        3.45193232122316100000
32.07        3.45224910132740300000
32.08        3.45256578112216600000
32.09        3.45288236067095200000
32.10        3.45319884003720200000
32.11        3.45351521928429700000
32.12        3.45383149847555800000
32.13        3.45414767767424500000
32.14        3.45446375694355900000
32.15        3.45477973634664000000
32.16        3.45509561594657000000
32.17        3.45541139580636900000
32.18        3.45572707598899800000
32.19        3.45604265655736200000
32.20        3.45635813757430100000
32.21        3.45667351910259900000
32.22        3.45698880120497700000
32.23        3.45730398394410300000
32.24        3.45761906738258000000
32.25        3.45793405158295500000
32.26        3.45824893660771200000
32.27        3.45856372251928300000
32.28        3.45887840938003500000
32.29        3.45919299725227600000
32.30        3.45950748619826100000
32.31        3.45982187628018100000
32.32        3.46013616756016900000
32.33        3.46045036010030400000
32.34        3.46076445396259900000
32.35        3.46107844920901300000
32.36        3.46139234590144900000
32.37        3.46170614410174500000
32.38        3.46201984387168900000
32.39        3.46233344527300400000
32.40        3.46264694836735800000
32.41        3.46296035321636200000
32.42        3.46327365988156600000
32.43        3.46358686842446500000
32.44        3.46389997890649400000
32.45        3.46421299138903400000
32.46        3.46452590593340400000
32.47        3.46483872260086800000
32.48        3.46515144145263100000
32.49        3.46546406254984300000
32.50        3.46577658595359400000
32.51        3.46608901172491900000
32.52        3.46640133992479500000
32.53        3.46671357061414000000
32.54        3.46702570385381800000
32.55        3.46733773970463400000
32.56        3.46764967822733800000
32.57        3.46796151948262000000
32.58        3.46827326353111800000
32.59        3.46858491043340900000
32.60        3.46889646025001500000
32.61        3.46920791304140100000
32.62        3.46951926886797700000
32.63        3.46983052779009500000
32.64        3.47014168986805000000
32.65        3.47045275516208600000
32.66        3.47076372373238200000
32.67        3.47107459563906800000
32.68        3.47138537094221700000
32.69        3.47169604970184200000
32.70        3.47200663197790500000
32.71        3.47231711783030800000
32.72        3.47262750731890100000
32.73        3.47293780050347500000
32.74        3.47324799744376800000
32.75        3.47355809819946000000
32.76        3.47386810283017700000
32.77        3.47417801139549100000
32.78        3.47448782395491700000
32.79        3.47479754056791200000
32.80        3.47510716129388300000
32.81        3.47541668619217700000
32.82        3.47572611532209100000
32.83        3.47603544874286300000
32.84        3.47634468651367700000
32.85        3.47665382869366500000
32.86        3.47696287534189700000
32.87        3.47727182651739700000
32.88        3.47758068227912800000
32.89        3.47788944268600100000
32.90        3.47819810779687300000
32.91        3.47850667767054500000
32.92        3.47881515236576500000
32.93        3.47912353194122400000
32.94        3.47943181645556200000
32.95        3.47974000596736400000
32.96        3.48004810053515800000
32.97        3.48035610021742300000
32.98        3.48066400507258000000
32.99        3.48097181515899500000
33.00        3.48127953053498700000
33.01        3.48158715125881300000
33.02        3.48189467738868200000
33.03        3.48220210898274600000
33.04        3.48250944609910300000
33.05        3.48281668879580100000
33.06        3.48312383713083400000
33.07        3.48343089116213900000
33.08        3.48373785094760200000
33.09        3.48404471654505700000
33.10        3.48435148801227900000
33.11        3.48465816540700100000
33.12        3.48496474878689000000
33.13        3.48527123820957100000
33.14        3.48557763373260700000
33.15        3.48588393541351400000
33.16        3.48619014330975400000
33.17        3.48649625747873500000
33.18        3.48680227797781100000
33.19        3.48710820486429000000
33.20        3.48741403819541900000
33.21        3.48771977802839800000
33.22        3.48802542442037200000
33.23        3.48833097742843500000
33.24        3.48863643710962700000
33.25        3.48894180352093900000
33.26        3.48924707671930500000
33.27        3.48955225676161300000
33.28        3.48985734370469400000
33.29        3.49016233760532700000
33.30        3.49046723852024200000
33.31        3.49077204650611700000
33.32        3.49107676161957500000
33.33        3.49138138391719200000
33.34        3.49168591345548700000
33.35        3.49199035029093000000
33.36        3.49229469447994100000
33.37        3.49259894607888500000
33.38        3.49290310514408000000
33.39        3.49320717173178800000
33.40        3.49351114589822300000
33.41        3.49381502769954600000
33.42        3.49411881719186800000
33.43        3.49442251443124900000
33.44        3.49472611947369500000
33.45        3.49502963237516700000
33.46        3.49533305319156800000
33.47        3.49563638197875500000
33.48        3.49593961879253200000
33.49        3.49624276368865500000
33.50        3.49654581672282500000
33.51        3.49684877795069600000
33.52        3.49715164742787000000
33.53        3.49745442520989700000
33.54        3.49775711135228100000
33.55        3.49805970591047100000
33.56        3.49836220893986800000
33.57        3.49866462049582300000
33.58        3.49896694063363500000
33.59        3.49926916940855500000
33.60        3.49957130687578200000
33.61        3.49987335309046600000
33.62        3.50017530810770700000
33.63        3.50047717198255500000
33.64        3.50077894477001200000
33.65        3.50108062652502600000
33.66        3.50138221730249900000
33.67        3.50168371715728000000
33.68        3.50198512614417500000
33.69        3.50228644431793300000
33.70        3.50258767173325700000
33.71        3.50288880844479900000
33.72        3.50318985450716400000
33.73        3.50349080997490800000
33.74        3.50379167490253400000
33.75        3.50409244934449800000
33.76        3.50439313335520800000
33.77        3.50469372698902100000
33.78        3.50499423030024900000
33.79        3.50529464334314800000
33.80        3.50559496617193100000
33.81        3.50589519884076000000
33.82        3.50619534140374900000
33.83        3.50649539391496200000
33.84        3.50679535642841600000
33.85        3.50709522899807900000
33.86        3.50739501167786700000
33.87        3.50769470452165600000
33.88        3.50799430758326400000
33.89        3.50829382091646600000
33.90        3.50859324457498900000
33.91        3.50889257861250800000
33.92        3.50919182308265400000
33.93        3.50949097803900700000
33.94        3.50979004353510000000
33.95        3.51008901962442000000
33.96        3.51038790636040100000
33.97        3.51068670379643400000
33.98        3.51098541198586000000
33.99        3.51128403098197200000
34.00        3.51158256083801800000
34.01        3.51188100160719200000
34.02        3.51217935334264900000
34.03        3.51247761609749000000
34.04        3.51277578992476900000
34.05        3.51307387487749600000
34.06        3.51337187100863200000
34.07        3.51366977837109000000
34.08        3.51396759701773500000
34.09        3.51426532700138700000
34.10        3.51456296837481700000
34.11        3.51486052119075200000
34.12        3.51515798550186700000
34.13        3.51545536136079300000
34.14        3.51575264882011500000
34.15        3.51604984793236700000
34.16        3.51634695875004300000
34.17        3.51664398132558500000
34.18        3.51694091571138600000
34.19        3.51723776195980100000
34.20        3.51753452012313000000
34.21        3.51783119025363100000
34.22        3.51812777240351400000
34.23        3.51842426662494400000
34.24        3.51872067297003600000
34.25        3.51901699149086400000
34.26        3.51931322223945000000
34.27        3.51960936526777500000
34.28        3.51990542062777000000
34.29        3.52020138837132200000
34.30        3.52049726855027400000
34.31        3.52079306121641400000
34.32        3.52108876642149600000
34.33        3.52138438421722200000
34.34        3.52167991465524700000
34.35        3.52197535778718200000
34.36        3.52227071366459300000
34.37        3.52256598233899900000
34.38        3.52286116386187500000
34.39        3.52315625828464800000
34.40        3.52345126565870200000
34.41        3.52374618603537300000
34.42        3.52404101946595500000
34.43        3.52433576600169500000
34.44        3.52463042569379100000
34.45        3.52492499859340300000
34.46        3.52521948475163900000
34.47        3.52551388421956800000
34.48        3.52580819704820700000
34.49        3.52610242328853500000
34.50        3.52639656299148200000
34.51        3.52669061620793200000
34.52        3.52698458298872900000
34.53        3.52727846338466600000
34.54        3.52757225744649700000
34.55        3.52786596522492700000
34.56        3.52815958677061900000
34.57        3.52845312213419100000
34.58        3.52874657136621400000
34.59        3.52903993451721800000
34.60        3.52933321163768600000
34.61        3.52962640277805800000
34.62        3.52991950798873000000
34.63        3.53021252732005200000
34.64        3.53050546082233000000
34.65        3.53079830854582800000
34.66        3.53109107054076400000
34.67        3.53138374685731000000
34.68        3.53167633754560000000
34.69        3.53196884265571800000
34.70        3.53226126223770800000
34.71        3.53255359634156600000
34.72        3.53284584501724800000
34.73        3.53313800831466500000
34.74        3.53343008628368400000
34.75        3.53372207897412800000
34.76        3.53401398643577700000
34.77        3.53430580871836800000
34.78        3.53459754587159300000
34.79        3.53488919794510100000
34.80        3.53518076498849900000
34.81        3.53547224705134900000
34.82        3.53576364418316900000
34.83        3.53605495643343700000
34.84        3.53634618385158400000
34.85        3.53663732648700000000
34.86        3.53692838438903100000
34.87        3.53721935760698300000
34.88        3.53751024619011200000
34.89        3.53780105018763800000
34.90        3.53809176964873500000
34.91        3.53838240462253500000
34.92        3.53867295515812600000
34.93        3.53896342130455400000
34.94        3.53925380311082200000
34.95        3.53954410062589300000
34.96        3.53983431389868100000
34.97        3.54012444297806500000
34.98        3.54041448791287600000
34.99        3.54070444875190400000
35.00        3.54099432554390000000
35.01        3.54128411833756600000
35.02        3.54157382718156700000
35.03        3.54186345212452400000
35.04        3.54215299321501600000
35.05        3.54244245050157900000
35.06        3.54273182403270700000
35.07        3.54302111385685500000
35.08        3.54331032002243000000
35.09        3.54359944257780300000
35.10        3.54388848157129800000
35.11        3.54417743705120300000
35.12        3.54446630906575900000
35.13        3.54475509766316700000
35.14        3.54504380289158500000
35.15        3.54533242479913200000
35.16        3.54562096343388400000
35.17        3.54590941884387500000
35.18        3.54619779107709700000
35.19        3.54648608018150300000
35.20        3.54677428620500200000
35.21        3.54706240919546100000
35.22        3.54735044920070900000
35.23        3.54763840626853100000
35.24        3.54792628044667200000
35.25        3.54821407178283500000
35.26        3.54850178032468000000
35.27        3.54878940611983200000
35.28        3.54907694921586900000
35.29        3.54936440966032800000
35.30        3.54965178750071100000
35.31        3.54993908278447100000
35.32        3.55022629555902500000
35.33        3.55051342587175200000
35.34        3.55080047376998200000
35.35        3.55108743930101000000
35.36        3.55137432251209000000
35.37        3.55166112345043300000
35.38        3.55194784216321300000
35.39        3.55223447869755800000
35.40        3.55252103310056200000
35.41        3.55280750541927400000
35.42        3.55309389570070300000
35.43        3.55338020399182000000
35.44        3.55366643033955200000
35.45        3.55395257479079000000
35.46        3.55423863739238200000
35.47        3.55452461819113700000
35.48        3.55481051723382200000
35.49        3.55509633456716700000
35.50        3.55538207023785800000
35.51        3.55566772429254600000
35.52        3.55595329677783700000
35.53        3.55623878774029900000
35.54        3.55652419722646200000
35.55        3.55680952528281400000
35.56        3.55709477195580500000
35.57        3.55737993729184200000
35.58        3.55766502133729600000
35.59        3.55795002413849600000
35.60        3.55823494574173300000
35.61        3.55851978619325700000
35.62        3.55880454553927900000
35.63        3.55908922382597100000
35.64        3.55937382109946700000
35.65        3.55965833740585700000
35.66        3.55994277279119700000
35.67        3.56022712730149800000
35.68        3.56051140098274000000
35.69        3.56079559388085600000
35.70        3.56107970604174300000
35.71        3.56136373751125700000
35.72        3.56164768833522100000
35.73        3.56193155855941000000
35.74        3.56221534822956800000
35.75        3.56249905739139500000
35.76        3.56278268609055200000
35.77        3.56306623437266700000
35.78        3.56334970228332400000
35.79        3.56363308986806700000
35.80        3.56391639717240700000
35.81        3.56419962424181100000
35.82        3.56448277112171000000
35.83        3.56476583785749600000
35.84        3.56504882449452200000
35.85        3.56533173107810500000
35.86        3.56561455765351800000
35.87        3.56589730426600100000
35.88        3.56617997096075400000
35.89        3.56646255778293800000
35.90        3.56674506477767500000
35.91        3.56702749199005100000
35.92        3.56730983946511300000
35.93        3.56759210724786900000
35.94        3.56787429538328900000
35.95        3.56815640391630800000
35.96        3.56843843289181600000
35.97        3.56872038235467400000
35.98        3.56900225234969800000
35.99        3.56928404292166700000
36.00        3.56956575411532800000
36.01        3.56984738597538300000
36.02        3.57012893854650200000
36.03        3.57041041187331100000
36.04        3.57069180600040400000
36.05        3.57097312097233400000
36.06        3.57125435683362000000
36.07        3.57153551362873900000
36.08        3.57181659140213300000
36.09        3.57209759019820700000
36.10        3.57237851006132700000
36.11        3.57265935103582200000
36.12        3.57294011316598600000
36.13        3.57322079649607300000
36.14        3.57350140107029900000
36.15        3.57378192693284500000
36.16        3.57406237412785500000
36.17        3.57434274269943400000
36.18        3.57462303269165100000
36.19        3.57490324414853900000
36.20        3.57518337711409200000
36.21        3.57546343163226900000
36.22        3.57574340774699000000
36.23        3.57602330550213900000
36.24        3.57630312494156400000
36.25        3.57658286610907600000
36.26        3.57686252904844700000
36.27        3.57714211380341600000
36.28        3.57742162041768300000
36.29        3.57770104893491000000
36.30        3.57798039939872800000
36.31        3.57825967185272300000
36.32        3.57853886634045200000
36.33        3.57881798290543500000
36.34        3.57909702159114800000
36.35        3.57937598244103900000
36.36        3.57965486549851500000
36.37        3.57993367080695000000
36.38        3.58021239840967900000
36.39        3.58049104835000300000
36.40        3.58076962067118400000
36.41        3.58104811541645000000
36.42        3.58132653262899200000
36.43        3.58160487235196600000
36.44        3.58188313462849100000
36.45        3.58216131950165000000
36.46        3.58243942701449100000
36.47        3.58271745721002700000
36.48        3.58299541013122900000
36.49        3.58327328582104100000
36.50        3.58355108432236500000
36.51        3.58382880567807000000
36.52        3.58410644993099000000
36.53        3.58438401712391900000
36.54        3.58466150729961900000
36.55        3.58493892050081700000
36.56        3.58521625677020300000
36.57        3.58549351615043000000
36.58        3.58577069868412000000
36.59        3.58604780441385400000
36.60        3.58632483338218200000
36.61        3.58660178563161700000
36.62        3.58687866120463500000
36.63        3.58715546014368100000
36.64        3.58743218249116100000
36.65        3.58770882828944700000
36.66        3.58798539758087700000
36.67        3.58826189040775000000
36.68        3.58853830681233600000
36.69        3.58881464683686600000
36.70        3.58909091052353500000
36.71        3.58936709791450600000
36.72        3.58964320905190500000
36.73        3.58991924397782600000
36.74        3.59019520273432400000
36.75        3.59047108536342200000
36.76        3.59074689190710700000
36.77        3.59102262240733300000
36.78        3.59129827690601800000
36.79        3.59157385544504400000
36.80        3.59184935806626200000
36.81        3.59212478481148400000
36.82        3.59240013572249200000
36.83        3.59267541084103000000
36.84        3.59295061020880800000
36.85        3.59322573386750600000
36.86        3.59350078185876000000
36.87        3.59377575422418400000
36.88        3.59405065100534700000
36.89        3.59432547224379000000
36.90        3.59460021798101700000
36.91        3.59487488825850000000
36.92        3.59514948311767400000
36.93        3.59542400259994200000
36.94        3.59569844674667200000
36.95        3.59597281559920100000
36.96        3.59624710919882400000
36.97        3.59652132758681200000
36.98        3.59679547080439500000
36.99        3.59706953889277000000
37.00        3.59734353189310600000
37.01        3.59761744984653000000
37.02        3.59789129279414200000
37.03        3.59816506077700200000
37.04        3.59843875383614200000
37.05        3.59871237201255600000
37.06        3.59898591534720800000
37.07        3.59925938388102700000
37.08        3.59953277765490500000
37.09        3.59980609670970700000
37.10        3.60007934108625700000
37.11        3.60035251082535400000
37.12        3.60062560596775800000
37.13        3.60089862655419600000
37.14        3.60117157262536200000
37.15        3.60144444422191800000
37.16        3.60171724138449200000
37.17        3.60198996415367800000
37.18        3.60226261257003700000
37.19        3.60253518667409900000
37.20        3.60280768650635700000
37.21        3.60308011210727600000
37.22        3.60335246351728200000
37.23        3.60362474077677300000
37.24        3.60389694392611100000
37.25        3.60416907300562800000
37.26        3.60444112805561700000
37.27        3.60471310911634600000
37.28        3.60498501622804700000
37.29        3.60525684943091400000
37.30        3.60552860876511900000
37.31        3.60580029427078900000
37.32        3.60607190598802900000
37.33        3.60634344395690700000
37.34        3.60661490821745500000
37.35        3.60688629880967700000
37.36        3.60715761577354300000
37.37        3.60742885914899000000
37.38        3.60770002897592500000
37.39        3.60797112529421900000
37.40        3.60824214814371100000
37.41        3.60851309756421200000
37.42        3.60878397359549400000
37.43        3.60905477627730200000
37.44        3.60932550564934700000
37.45        3.60959616175130700000
37.46        3.60986674462282900000
37.47        3.61013725430352800000
37.48        3.61040769083298300000
37.49        3.61067805425074800000
37.50        3.61094834459633800000
37.51        3.61121856190924000000
37.52        3.61148870622890800000
37.53        3.61175877759476400000
37.54        3.61202877604619800000
37.55        3.61229870162256800000
37.56        3.61256855436320100000
37.57        3.61283833430738900000
37.58        3.61310804149439900000
37.59        3.61337767596345800000
37.60        3.61364723775376700000
37.61        3.61391672690449300000
37.62        3.61418614345477200000
37.63        3.61445548744370800000
37.64        3.61472475891037500000
37.65        3.61499395789381200000
37.66        3.61526308443303200000
37.67        3.61553213856700900000
37.68        3.61580112033469200000
37.69        3.61607002977499600000
37.70        3.61633886692680500000
37.71        3.61660763182897000000
37.72        3.61687632452031500000
37.73        3.61714494503962800000
37.74        3.61741349342566800000
37.75        3.61768196971716300000
37.76        3.61795037395280900000
37.77        3.61821870617127100000
37.78        3.61848696641118400000
37.79        3.61875515471114900000
37.80        3.61902327110974000000
37.81        3.61929131564549700000
37.82        3.61955928835693000000
37.83        3.61982718928251800000
37.84        3.62009501846070900000
37.85        3.62036277592992000000
37.86        3.62063046172853700000
37.87        3.62089807589491900000
37.88        3.62116561846738600000
37.89        3.62143308948423500000
37.90        3.62170048898372700000
37.91        3.62196781700409700000
37.92        3.62223507358354600000
37.93        3.62250225876024600000
37.94        3.62276937257233600000
37.95        3.62303641505792800000
37.96        3.62330338625510200000
37.97        3.62357028620190500000
37.98        3.62383711493635800000
37.99        3.62410387249644700000
38.00        3.62437055892013300000
38.01        3.62463717424534100000
38.02        3.62490371850997100000
38.03        3.62517019175188700000
38.04        3.62543659400892800000
38.05        3.62570292531889900000
38.06        3.62596918571957700000
38.07        3.62623537524870900000
38.08        3.62650149394401000000
38.09        3.62676754184316600000
38.10        3.62703351898383100000
38.11        3.62729942540363500000
38.12        3.62756526114017200000
38.13        3.62783102623100800000
38.14        3.62809672071367700000
38.15        3.62836234462568600000
38.16        3.62862789800451300000
38.17        3.62889338088760300000
38.18        3.62915879331237100000
38.19        3.62942413531620700000
38.20        3.62968940693646500000
38.21        3.62995460821047400000
38.22        3.63021973917553000000
38.23        3.63048479986890400000
38.24        3.63074979032783000000
38.25        3.63101471058952000000
38.26        3.63127956069115100000
38.27        3.63154434066987400000
38.28        3.63180905056281100000
38.29        3.63207369040704700000
38.30        3.63233826023965000000
38.31        3.63260276009764600000
38.32        3.63286719001804000000
38.33        3.63313155003780700000
38.34        3.63339584019388800000
38.35        3.63366006052319700000
38.36        3.63392421106262200000
38.37        3.63418829184901700000
38.38        3.63445230291921000000
38.39        3.63471624430999800000
38.40        3.63498011605815000000
38.41        3.63524391820040500000
38.42        3.63550765077347300000
38.43        3.63577131381403800000
38.44        3.63603490735874900000
38.45        3.63629843144423100000
38.46        3.63656188610707900000
38.47        3.63682527138385900000
38.48        3.63708858731110500000
38.49        3.63735183392532800000
38.50        3.63761501126300500000
38.51        3.63787811936058700000
38.52        3.63814115825449500000
38.53        3.63840412798112200000
38.54        3.63866702857683200000
38.55        3.63892986007796000000
38.56        3.63919262252081600000
38.57        3.63945531594167200000
38.58        3.63971794037678300000
38.59        3.63998049586236700000
38.60        3.64024298243461800000
38.61        3.64050540012969900000
38.62        3.64076774898374600000
38.63        3.64103002903286600000
38.64        3.64129224031313800000
38.65        3.64155438286061300000
38.66        3.64181645671131100000
38.67        3.64207846190122700000
38.68        3.64234039846632700000
38.69        3.64260226644254700000
38.70        3.64286406586579800000
38.71        3.64312579677195600000
38.72        3.64338745919687900000
38.73        3.64364905317638900000
38.74        3.64391057874628300000
38.75        3.64417203594232800000
38.76        3.64443342480026600000
38.77        3.64469474535580900000
38.78        3.64495599764464100000
38.79        3.64521718170241600000
38.80        3.64547829756476600000
38.81        3.64573934526729000000
38.82        3.64600032484556000000
38.83        3.64626123633512100000
38.84        3.64652207977149100000
38.85        3.64678285519015900000
38.86        3.64704356262658400000
38.87        3.64730420211620300000
38.88        3.64756477369441900000
38.89        3.64782527739661300000
38.90        3.64808571325813400000
38.91        3.64834608131430600000
38.92        3.64860638160042400000
38.93        3.64886661415175600000
38.94        3.64912677900354300000
38.95        3.64938687619099900000
38.96        3.64964690574930600000
38.97        3.64990686771362500000
38.98        3.65016676211908600000
38.99        3.65042658900079000000
39.00        3.65068634839381700000
39.01        3.65094604033321300000
39.02        3.65120566485400000000
39.03        3.65146522199117200000
39.04        3.65172471177969600000
39.05        3.65198413425451000000
39.06        3.65224348945052800000
39.07        3.65250277740263700000
39.08        3.65276199814569000000
39.09        3.65302115171452300000
39.10        3.65328023814393700000
39.11        3.65353925746871000000
39.12        3.65379820972359300000
39.13        3.65405709494330700000
39.14        3.65431591316255000000
39.15        3.65457466441598800000
39.16        3.65483334873826600000
39.17        3.65509196616399800000
39.18        3.65535051672777200000
39.19        3.65560900046415100000
39.20        3.65586741740767000000
39.21        3.65612576759283400000
39.22        3.65638405105412800000
39.23        3.65664226782600600000
39.24        3.65690041794289300000
39.25        3.65715850143919300000
39.26        3.65741651834928000000
39.27        3.65767446870750200000
39.28        3.65793235254818100000
39.29        3.65819016990561100000
39.30        3.65844792081406300000
39.31        3.65870560530777400000
39.32        3.65896322342096300000
39.33        3.65922077518782000000
39.34        3.65947826064250500000
39.35        3.65973567981915600000
39.36        3.65999303275188100000
39.37        3.66025031947476600000
39.38        3.66050754002186800000
39.39        3.66076469442721600000
39.40        3.66102178272481600000
39.41        3.66127880494864700000
39.42        3.66153576113266200000
39.43        3.66179265131078500000
39.44        3.66204947551691700000
39.45        3.66230623378493300000
39.46        3.66256292614868100000
39.47        3.66281955264198300000
39.48        3.66307611329863100000
39.49        3.66333260815240000000
39.50        3.66358903723703000000
39.51        3.66384540058624300000
39.52        3.66410169823372600000
39.53        3.66435793021314900000
39.54        3.66461409655815000000
39.55        3.66487019730234400000
39.56        3.66512623247932200000
39.57        3.66538220212264100000
39.58        3.66563810626584500000
39.59        3.66589394494244000000
39.60        3.66614971818591300000
39.61        3.66640542602972500000
39.62        3.66666106850731000000
39.63        3.66691664565207400000
39.64        3.66717215749740300000
39.65        3.66742760407665400000
39.66        3.66768298542315800000
39.67        3.66793830157022100000
39.68        3.66819355255112500000
39.69        3.66844873839912500000
39.70        3.66870385914745100000
39.71        3.66895891482930600000
39.72        3.66921390547787000000
39.73        3.66946883112629900000
39.74        3.66972369180771900000
39.75        3.66997848755523100000
39.76        3.67023321840191800000
39.77        3.67048788438082900000
39.78        3.67074248552499100000
39.79        3.67099702186740700000
39.80        3.67125149344105500000
39.81        3.67150590027888500000
39.82        3.67176024241382400000
39.83        3.67201451987877300000
39.84        3.67226873270660900000
39.85        3.67252288093018400000
39.86        3.67277696458232200000
39.87        3.67303098369582700000
39.88        3.67328493830347200000
39.89        3.67353882843801200000
39.90        3.67379265413217000000
39.91        3.67404641541865000000
39.92        3.67430011233012500000
39.93        3.67455374489925200000
39.94        3.67480731315865300000
39.95        3.67506081714093500000
39.96        3.67531425687866900000
39.97        3.67556763240441200000
39.98        3.67582094375069200000
39.99        3.67607419095000800000
40.00        3.67632737403484300000
40.01        3.67658049303764800000
40.02        3.67683354799085300000
40.03        3.67708653892686300000
40.04        3.67733946587805600000
40.05        3.67759232887679000000
40.06        3.67784512795539300000
40.07        3.67809786314617400000
40.08        3.67835053448141200000
40.09        3.67860314199336600000
40.10        3.67885568571427000000
40.11        3.67910816567633000000
40.12        3.67936058191173200000
40.13        3.67961293445263500000
40.14        3.67986522333117400000
40.15        3.68011744857946200000
40.16        3.68036961022958400000
40.17        3.68062170831360200000
40.18        3.68087374286355600000
40.19        3.68112571391145900000
40.20        3.68137762148930300000
40.21        3.68162946562905000000
40.22        3.68188124636264400000
40.23        3.68213296372200300000
40.24        3.68238461773901900000
40.25        3.68263620844556300000
40.26        3.68288773587347800000
40.27        3.68313920005458700000
40.28        3.68339060102068600000
40.29        3.68364193880355000000
40.30        3.68389321343492700000
40.31        3.68414442494654200000
40.32        3.68439557337009900000
40.33        3.68464665873727300000
40.34        3.68489768107971900000
40.35        3.68514864042906700000
40.36        3.68539953681692200000
40.37        3.68565037027486800000
40.38        3.68590114083446300000
40.39        3.68615184852724100000
40.40        3.68640249338471500000
40.41        3.68665307543837100000
40.42        3.68690359471967300000
40.43        3.68715405126006200000
40.44        3.68740444509095400000
40.45        3.68765477624374300000
40.46        3.68790504474979700000
40.47        3.68815525064046200000
40.48        3.68840539394706100000
40.49        3.68865547470089300000
40.50        3.68890549293323300000
40.51        3.68915544867533400000
40.52        3.68940534195842300000
40.53        3.68965517281370600000
40.54        3.68990494127236400000
40.55        3.69015464736555600000
40.56        3.69040429112441800000
40.57        3.69065387258006000000
40.58        3.69090339176357100000
40.59        3.69115284870601600000
40.60        3.69140224343843800000
40.61        3.69165157599185600000
40.62        3.69190084639726300000
40.63        3.69215005468563500000
40.64        3.69239920088791800000
40.65        3.69264828503504000000
40.66        3.69289730715790300000
40.67        3.69314626728738800000
40.68        3.69339516545435100000
40.69        3.69364400168962600000
40.70        3.69389277602402500000
40.71        3.69414148848833400000
40.72        3.69439013911331900000
40.73        3.69463872792972200000
40.74        3.69488725496826200000
40.75        3.69513572025963400000
40.76        3.69538412383451300000
40.77        3.69563246572354900000
40.78        3.69588074595736900000
40.79        3.69612896456657800000
40.80        3.69637712158175800000
40.81        3.69662521703346900000
40.82        3.69687325095224700000
40.83        3.69712122336860500000
40.84        3.69736913431303500000
40.85        3.69761698381600500000
40.86        3.69786477190796200000
40.87        3.69811249861932800000
40.88        3.69836016398050300000
40.89        3.69860776802186700000
40.90        3.69885531077377300000
40.91        3.69910279226655700000
40.92        3.69935021253052700000
40.93        3.69959757159597100000
40.94        3.69984486949315500000
40.95        3.70009210625232400000
40.96        3.70033928190369500000
40.97        3.70058639647746700000
40.98        3.70083345000381800000
40.99        3.70108044251289900000
