10.00        2.25175258906672100000
10.01        2.25280370031813600000
10.02        2.25385370890170400000
10.03        2.25490261712641700000
10.04        2.25595042729402700000
10.05        2.25699714169907600000
10.06        2.25804276262893100000
10.07        2.25908729236380900000
10.08        2.26013073317680800000
10.09        2.26117308733393800000
10.10        2.26221435709414800000
10.11        2.26325454470935900000
10.12        2.26429365242448800000
10.13        2.26533168247748100000
10.14        2.26636863709934200000
10.15        2.26740451851415600000
10.16        2.26843932893912800000
10.17        2.26947307058459900000
10.18        2.27050574565408400000
10.19        2.27153735634429600000
10.20        2.27256790484517200000
10.21        2.27359739333990700000
10.22        2.27462582400497400000
10.23        2.27565319901015800000
10.24        2.27667952051858000000
10.25        2.27770479068672400000
10.26        2.27872901166446600000
10.27        2.27975218559510000000
10.28        2.28077431461536500000
10.29        2.28179540085547000000
10.30        2.28281544643912300000
10.31        2.28383445348355700000
10.32        2.28485242409955500000
10.33        2.28586936039147700000
10.34        2.28688526445728700000
10.35        2.28790013838857600000
10.36        2.28891398427059000000
10.37        2.28992680418225500000
10.38        2.29093860019620400000
10.39        2.29194937437879800000
10.40        2.29295912879015900000
10.41        2.29396786548418600000
10.42        2.29497558650858600000
10.43        2.29598229390489600000
10.44        2.29698798970851200000
10.45        2.29799267594870700000
10.46        2.29899635464866000000
10.47        2.29999902782548200000
10.48        2.30100069749023200000
10.49        2.30200136564795400000
10.50        2.30300103429768600000
10.51        2.30399970543249800000
10.52        2.30499738103950700000
10.53        2.30599406309990100000
10.54        2.30698975358896800000
10.55        2.30798445447611400000
10.56        2.30897816772488900000
10.57        2.30997089529300800000
10.58        2.31096263913237700000
10.59        2.31195340118911500000
10.60        2.31294318340357400000
10.61        2.31393198771036700000
10.62        2.31491981603838500000
10.63        2.31590667031082300000
10.64        2.31689255244520300000
10.65        2.31787746435339200000
10.66        2.31886140794163000000
10.67        2.31984438511054700000
10.68        2.32082639775518700000
10.69        2.32180744776503100000
10.70        2.32278753702401900000
10.71        2.32376666741056500000
10.72        2.32474484079759100000
10.73        2.32572205905253500000
10.74        2.32669832403738100000
10.75        2.32767363760867900000
10.76        2.32864800161756200000
10.77        2.32962141790977400000
10.78        2.33059388832568200000
10.79        2.33156541470030600000
10.80        2.33253599886333300000
10.81        2.33350564263913800000
10.82        2.33447434784681100000
10.83        2.33544211630017000000
10.84        2.33640894980778500000
10.85        2.33737485017299700000
10.86        2.33833981919393900000
10.87        2.33930385866355600000
10.88        2.34026697036962200000
10.89        2.34122915609476400000
10.90        2.34219041761648200000
10.91        2.34315075670716400000
10.92        2.34411017513410900000
10.93        2.34506867465954600000
10.94        2.34602625704065200000
10.95        2.34698292402957400000
10.96        2.34793867737344500000
10.97        2.34889351881440500000
10.98        2.34984745008962000000
10.99        2.35080047293130100000
11.00        2.35175258906672100000
11.01        2.35270380021823500000
11.02        2.35365410810330100000
11.03        2.35460351443449300000
11.04        2.35555202091952500000
11.05        2.35649962926126500000
11.06        2.35744634115775800000
11.07        2.35839215830224000000
11.08        2.35933708238315700000
11.09        2.36028111508418500000
11.10        2.36122425808424700000
11.11        2.36216651305752900000
11.12        2.36310788167350000000
11.13        2.36404836559692800000
11.14        2.36498796648790200000
11.15        2.36592668600184100000
11.16        2.36686452578952100000
11.17        2.36780148749708700000
11.18        2.36873757276606900000
11.19        2.36967278323340300000
11.20        2.37060712053144700000
11.21        2.37154058628799700000
11.22        2.37247318212630500000
11.23        2.37340490966509500000
11.24        2.37433577051858000000
11.25        2.37526576629648000000
11.26        2.37619489860403700000
11.27        2.37712316904203300000
11.28        2.37805057920680400000
11.29        2.37897713069026000000
11.30        2.37990282507990000000
11.31        2.38082766395882400000
11.32        2.38175164890575700000
11.33        2.38267478149506000000
11.34        2.38359706329674600000
11.35        2.38451849587649800000
11.36        2.38543908079568600000
11.37        2.38635881961137700000
11.38        2.38727771387635800000
11.39        2.38819576513914500000
11.40        2.38911297494400500000
11.41        2.39002934483096800000
11.42        2.39094487633584100000
11.43        2.39185957099022700000
11.44        2.39277343032153900000
11.45        2.39368645585301300000
11.46        2.39459864910372700000
11.47        2.39551001158861400000
11.48        2.39642054481847700000
11.49        2.39733025030000400000
11.50        2.39823912953578100000
11.51        2.39914718402431600000
11.52        2.40005441526003900000
11.53        2.40096082473333000000
11.54        2.40186641393052400000
11.55        2.40277118433393400000
11.56        2.40367513742185900000
11.57        2.40457827466859900000
11.58        2.40548059754447600000
11.59        2.40638210751583900000
11.60        2.40728280604508300000
11.61        2.40818269459066900000
11.62        2.40908177460712300000
11.63        2.40998004754506600000
11.64        2.41087751485121800000
11.65        2.41177417796841500000
11.66        2.41267003833562600000
11.67        2.41356509738796000000
11.68        2.41445935655668500000
11.69        2.41535281726924100000
11.70        2.41624548094925200000
11.71        2.41713734901654100000
11.72        2.41802842288714300000
11.73        2.41891870397331800000
11.74        2.41980819368356300000
11.75        2.42069689342263200000
11.76        2.42158480459154000000
11.77        2.42247192858758300000
11.78        2.42335826680434700000
11.79        2.42424382063172400000
11.80        2.42512859145592500000
11.81        2.42601258065948900000
11.82        2.42689578962130300000
11.83        2.42777821971660600000
11.84        2.42865987231701000000
11.85        2.42954074879050900000
11.86        2.43042085050149000000
11.87        2.43130017881075000000
11.88        2.43217873507550400000
11.89        2.43305652064940200000
11.90        2.43393353688253800000
11.91        2.43480978512146300000
11.92        2.43568526670920100000
11.93        2.43655998298525500000
11.94        2.43743393528562400000
11.95        2.43830712494281600000
11.96        2.43917955328585400000
11.97        2.44005122164029400000
11.98        2.44092213132823600000
11.99        2.44179228366833500000
12.00        2.44266167997581200000
12.01        2.44353032156246800000
12.02        2.44439820973669500000
12.03        2.44526534580348700000
12.04        2.44613173106445200000
12.05        2.44699736681782600000
12.06        2.44786225435848200000
12.07        2.44872639497794000000
12.08        2.44958978996438500000
12.09        2.45045244060267100000
12.10        2.45131434817433700000
12.11        2.45217551395761900000
12.12        2.45303593922745700000
12.13        2.45389562525550900000
12.14        2.45475457331016400000
12.15        2.45561278465655000000
12.16        2.45647026055654600000
12.17        2.45732700226879700000
12.18        2.45818301104871600000
12.19        2.45903828814850600000
12.20        2.45989283481716100000
12.21        2.46074665230048600000
12.22        2.46159974184110000000
12.23        2.46245210467845200000
12.24        2.46330374204882900000
12.25        2.46415465518536900000
12.26        2.46500484531806900000
12.27        2.46585431367379900000
12.28        2.46670306147630800000
12.29        2.46755108994623900000
12.30        2.46839840030113800000
12.31        2.46924499375546300000
12.32        2.47009087152059700000
12.33        2.47093603480485700000
12.34        2.47178048481350000000
12.35        2.47262422274874500000
12.36        2.47346724980977100000
12.37        2.47430956719273200000
12.38        2.47515117609076900000
12.39        2.47599207769401800000
12.40        2.47683227318961900000
12.41        2.47767176376173100000
12.42        2.47851055059153300000
12.43        2.47934863485724400000
12.44        2.48018601773412700000
12.45        2.48102270039449800000
12.46        2.48185868400774100000
12.47        2.48269396974031500000
12.48        2.48352855875575900000
12.49        2.48436245221471200000
12.50        2.48519565127491200000
12.51        2.48602815709121400000
12.52        2.48685997081559500000
12.53        2.48769109359716300000
12.54        2.48852152658217100000
12.55        2.48935127091402000000
12.56        2.49018032773327700000
12.57        2.49100869817767400000
12.58        2.49183638338212700000
12.59        2.49266338447873700000
12.60        2.49348970259680800000
12.61        2.49431533886284800000
12.62        2.49514029440058300000
12.63        2.49596457033096500000
12.64        2.49678816777218000000
12.65        2.49761108783966000000
12.66        2.49843333164608900000
12.67        2.49925490030141300000
12.68        2.50007579491284900000
12.69        2.50089601658489500000
12.70        2.50171556641933800000
12.71        2.50253444551526000000
12.72        2.50335265496905400000
12.73        2.50417019587442600000
12.74        2.50498706932240500000
12.75        2.50580327640135500000
12.76        2.50661881819698200000
12.77        2.50743369579234100000
12.78        2.50824791026784400000
12.79        2.50906146270127500000
12.80        2.50987435416778900000
12.81        2.51068658573993000000
12.82        2.51149815848763100000
12.83        2.51230907347822900000
12.84        2.51311933177647000000
12.85        2.51392893444451700000
12.86        2.51473788254196200000
12.87        2.51554617712582900000
12.88        2.51635381925058800000
12.89        2.51716080996815700000
12.90        2.51796715032791600000
12.91        2.51877284137671100000
12.92        2.51957788415886500000
12.93        2.52038227971618500000
12.94        2.52118602908797000000
12.95        2.52198913331101700000
12.96        2.52279159341963300000
12.97        2.52359341044564000000
12.98        2.52439458541838700000
12.99        2.52519511936474800000
13.00        2.52599501330914500000
13.01        2.52679426827354200000
13.02        2.52759288527746000000
13.03        2.52839086533798400000
13.04        2.52918820946976800000
13.05        2.52998491868504600000
13.06        2.53078099399363900000
13.07        2.53157643640296100000
13.08        2.53237124691802700000
13.09        2.53316542654146300000
13.10        2.53395897627351100000
13.11        2.53475189711203600000
13.12        2.53554419005253900000
13.13        2.53633585608815500000
13.14        2.53712689620966900000
13.15        2.53791731140552100000
13.16        2.53870710266180900000
13.17        2.53949627096230600000
13.18        2.54028481728845400000
13.19        2.54107274261938300000
13.20        2.54186004793191500000
13.21        2.54264673420056700000
13.22        2.54343280239756500000
13.23        2.54421825349284300000
13.24        2.54500308845405800000
13.25        2.54578730824659300000
13.26        2.54657091383356700000
13.27        2.54735390617583700000
13.28        2.54813628623200800000
13.29        2.54891805495844400000
13.30        2.54969921330926800000
13.31        2.55047976223637400000
13.32        2.55125970268942900000
13.33        2.55203903561588700000
13.34        2.55281776196098900000
13.35        2.55359588266777400000
13.36        2.55437339867708500000
13.37        2.55515031092757400000
13.38        2.55592662035571200000
13.39        2.55670232789579400000
13.40        2.55747743447994200000
13.41        2.55825194103812000000
13.42        2.55902584849813500000
13.43        2.55979915778564300000
13.44        2.56057186982415900000
13.45        2.56134398553506100000
13.46        2.56211550583759700000
13.47        2.56288643164889600000
13.48        2.56365676388396400000
13.49        2.56442650345570500000
13.50        2.56519565127491100000
13.51        2.56596420825028700000
13.52        2.56673217528843800000
13.53        2.56749955329389100000
13.54        2.56826634316909300000
13.55        2.56903254581441900000
13.56        2.56979816212818200000
13.57        2.57056319300663200000
13.58        2.57132763934397100000
13.59        2.57209150203235100000
13.60        2.57285478196188700000
13.61        2.57361748002065900000
13.62        2.57437959709471900000
13.63        2.57514113406809800000
13.64        2.57590209182281300000
13.65        2.57666247123887000000
13.66        2.57742227319427200000
13.67        2.57818149856502800000
13.68        2.57894014822515200000
13.69        2.57969822304667600000
13.70        2.58045572389965300000
13.71        2.58121265165216000000
13.72        2.58196900717031200000
13.73        2.58272479131825900000
13.74        2.58348000495819800000
13.75        2.58423464895037500000
13.76        2.58498872415309500000
13.77        2.58574223142272500000
13.78        2.58649517161369700000
13.79        2.58724754557852200000
13.80        2.58799935416778900000
13.81        2.58875059823017200000
13.82        2.58950127861243600000
13.83        2.59025139615944500000
13.84        2.59100095171416500000
13.85        2.59174994611766900000
13.86        2.59249838020914700000
13.87        2.59324625482590700000
13.88        2.59399357080338300000
13.89        2.59474032897513900000
13.90        2.59548653017287700000
13.91        2.59623217522644000000
13.92        2.59697726496381900000
13.93        2.59772180021115900000
13.94        2.59846578179276100000
13.95        2.59920921053109400000
13.96        2.59995208724679400000
13.97        2.60069441275867000000
13.98        2.60143618788371800000
13.99        2.60217741343711200000
14.00        2.60291809023222200000
14.01        2.60365821908061300000
14.02        2.60439780079205300000
14.03        2.60513683617451500000
14.04        2.60587532603418500000
14.05        2.60661327117546800000
14.06        2.60735067240098900000
14.07        2.60808753051160700000
14.08        2.60882384630640600000
14.09        2.60955962058271600000
14.10        2.61029485413610600000
14.11        2.61102954776039600000
14.12        2.61176370224766100000
14.13        2.61249731838823100000
14.14        2.61323039697070400000
14.15        2.61396293878194600000
14.16        2.61469494460709800000
14.17        2.61542641522958000000
14.18        2.61615735143109400000
14.19        2.61688775399163500000
14.20        2.61761762368949000000
14.21        2.61834696130124900000
14.22        2.61907576760180100000
14.23        2.61980404336434700000
14.24        2.62053178936040300000
14.25        2.62125900635980100000
14.26        2.62198569513070100000
14.27        2.62271185643958900000
14.28        2.62343749105128500000
14.29        2.62416259972894800000
14.30        2.62488718323408000000
14.31        2.62561124232653100000
14.32        2.62633477776450400000
14.33        2.62705779030455900000
14.34        2.62778028070161800000
14.35        2.62850224970897200000
14.36        2.62922369807828200000
14.37        2.62994462655958600000
14.38        2.63066503590130300000
14.39        2.63138492685023700000
14.40        2.63210430015158400000
14.41        2.63282315654893400000
14.42        2.63354149678427500000
14.43        2.63425932159800300000
14.44        2.63497663172892000000
14.45        2.63569342791424300000
14.46        2.63640971088960300000
14.47        2.63712548138905900000
14.48        2.63784074014509200000
14.49        2.63855548788861800000
14.50        2.63926972534898600000
14.51        2.63998345325398800000
14.52        2.64069667232985900000
14.53        2.64140938330128200000
14.54        2.64212158689139700000
14.55        2.64283328382179900000
14.56        2.64354447481254700000
14.57        2.64425516058216600000
14.58        2.64496534184765200000
14.59        2.64567501932447800000
14.60        2.64638419372659300000
14.61        2.64709286576643400000
14.62        2.64780103615492500000
14.63        2.64850870560148000000
14.64        2.64921587481401500000
14.65        2.64992254449894300000
14.66        2.65062871536118300000
14.67        2.65133438810416400000
14.68        2.65203956342983100000
14.69        2.65274424203864200000
14.70        2.65344842462958000000
14.71        2.65415211190015500000
14.72        2.65485530454640500000
14.73        2.65555800326290600000
14.74        2.65626020874276800000
14.75        2.65696192167764800000
14.76        2.65766314275774600000
14.77        2.65836387267181700000
14.78        2.65906411210716600000
14.79        2.65976386174966100000
14.80        2.66046312228373100000
14.81        2.66116189439237300000
14.82        2.66186017875715300000
14.83        2.66255797605821500000
14.84        2.66325528697428000000
14.85        2.66395211218265100000
14.86        2.66464845235921900000
14.87        2.66534430817846700000
14.88        2.66603968031346900000
14.89        2.66673456943590200000
14.90        2.66742897621604200000
14.91        2.66812290132277300000
14.92        2.66881634542358900000
14.93        2.66950930918459700000
14.94        2.67020179327052300000
14.95        2.67089379834471400000
14.96        2.67158532506914300000
14.97        2.67227637410441100000
14.98        2.67296694610975500000
14.99        2.67365704174304500000
15.00        2.67434666166079400000
15.01        2.67503580651815800000
15.02        2.67572447696894300000
15.03        2.67641267366560600000
15.04        2.67710039725925600000
15.05        2.67778764839966700000
15.06        2.67847442773527100000
15.07        2.67916073591317000000
15.08        2.67984657357913300000
15.09        2.68053194137760600000
15.10        2.68121683995170900000
15.11        2.68190126994324500000
15.12        2.68258523199270300000
15.13        2.68326872673925700000
15.14        2.68395175482077500000
15.15        2.68463431687381900000
15.16        2.68531641353365200000
15.17        2.68599804543423700000
15.18        2.68667921320824500000
15.19        2.68735991748705400000
15.20        2.68804015890075800000
15.21        2.68871993807816600000
15.22        2.68939925564680800000
15.23        2.69007811223293400000
15.24        2.69075650846152600000
15.25        2.69143444495629200000
15.26        2.69211192233967700000
15.27        2.69278894123286200000
15.28        2.69346550225576700000
15.29        2.69414160602705900000
15.30        2.69481725316415000000
15.31        2.69549244428320500000
15.32        2.69616717999914000000
15.33        2.69684146092563400000
15.34        2.69751528767511900000
15.35        2.69818866085879800000
15.36        2.69886158108663900000
15.37        2.69953404896738000000
15.38        2.70020606510853500000
15.39        2.70087763011639400000
15.40        2.70154874459602800000
15.41        2.70221940915129200000
15.42        2.70288962438483000000
15.43        2.70355939089807300000
15.44        2.70422870929124700000
15.45        2.70489758016337800000
15.46        2.70556600411228600000
15.47        2.70623398173460100000
15.48        2.70690151362575500000
15.49        2.70756860037999100000
15.50        2.70823524259036500000
15.51        2.70890144084875000000
15.52        2.70956719574583600000
15.53        2.71023250787113800000
15.54        2.71089737781299200000
15.55        2.71156180615856900000
15.56        2.71222579349386600000
15.57        2.71288934040371700000
15.58        2.71355244747179500000
15.59        2.71421511528061200000
15.60        2.71487734441152500000
15.61        2.71553913544473600000
15.62        2.71620048895930300000
15.63        2.71686140553312800000
15.64        2.71752188574297700000
15.65        2.71818193016447200000
15.66        2.71884153937209700000
15.67        2.71950071393920200000
15.68        2.72015945443800500000
15.69        2.72081776143959400000
15.70        2.72147563551393300000
15.71        2.72213307722986200000
15.72        2.72279008715510100000
15.73        2.72344666585625300000
15.74        2.72410281389880600000
15.75        2.72475853184713900000
15.76        2.72541382026452200000
15.77        2.72606867971311700000
15.78        2.72672311075398600000
15.79        2.72737711394709100000
15.80        2.72803068985129900000
15.81        2.72868383902437800000
15.82        2.72933656202301100000
15.83        2.72998885940278800000
15.84        2.73064073171821600000
15.85        2.73129217952271900000
15.86        2.73194320336864100000
15.87        2.73259380380725000000
15.88        2.73324398138873800000
15.89        2.73389373666222900000
15.90        2.73454307017577400000
15.91        2.73519198247636200000
15.92        2.73584047410991600000
15.93        2.73648854562130200000
15.94        2.73713619755432400000
15.95        2.73778343045173800000
15.96        2.73843024485523900000
15.97        2.73907664130548000000
15.98        2.73972262034206400000
15.99        2.74036818250355200000
16.00        2.74101332832746000000
16.01        2.74165805835027000000
16.02        2.74230237310742500000
16.03        2.74294627313333700000
16.04        2.74358975896138400000
16.05        2.74423283112392000000
16.06        2.74487549015227000000
16.07        2.74551773657674000000
16.08        2.74615957092661400000
16.09        2.74680099373015700000
16.10        2.74744200551462300000
16.11        2.74808260680625000000
16.12        2.74872279813026900000
16.13        2.74936258001090300000
16.14        2.75000195297137000000
16.15        2.75064091753388600000
16.16        2.75127947421966700000
16.17        2.75191762354893700000
16.18        2.75255536604091900000
16.19        2.75319270221384800000
16.20        2.75382963258496900000
16.21        2.75446615767054000000
16.22        2.75510227798583500000
16.23        2.75573799404514700000
16.24        2.75637330636178800000
16.25        2.75700821544809600000
16.26        2.75764272181543100000
16.27        2.75827682597418500000
16.28        2.75891052843377700000
16.29        2.75954382970266300000
16.30        2.76017673028833300000
16.31        2.76080923069731300000
16.32        2.76144133143517200000
16.33        2.76207303300652100000
16.34        2.76270433591501400000
16.35        2.76333524066335800000
16.36        2.76396574775330600000
16.37        2.76459585768566300000
16.38        2.76522557096029000000
16.39        2.76585488807610800000
16.40        2.76648380953109300000
16.41        2.76711233582228600000
16.42        2.76774046744579000000
16.43        2.76836820489677700000
16.44        2.76899554866948600000
16.45        2.76962249925722800000
16.46        2.77024905715239000000
16.47        2.77087522284643000000
16.48        2.77150099682988900000
16.49        2.77212637959238700000
16.50        2.77275137162262300000
16.51        2.77337597340839000000
16.52        2.77400018543655800000
16.53        2.77462400819309500000
16.54        2.77524744216305700000
16.55        2.77587048783059500000
16.56        2.77649314567895500000
16.57        2.77711541619048700000
16.58        2.77773729984663500000
16.59        2.77835879712795000000
16.60        2.77897990851408900000
16.61        2.77960063448381400000
16.62        2.78022097551500000000
16.63        2.78084093208463100000
16.64        2.78146050466880800000
16.65        2.78207969374274700000
16.66        2.78269849978078200000
16.67        2.78331692325636900000
16.68        2.78393496464208600000
16.69        2.78455262440963900000
16.70        2.78516990302985700000
16.71        2.78578680097270100000
16.72        2.78640331870726300000
16.73        2.78701945670177100000
16.74        2.78763521542358400000
16.75        2.78825059533920200000
16.76        2.78886559691426800000
16.77        2.78948022061356100000
16.78        2.79009446690100700000
16.79        2.79070833623968200000
16.80        2.79132182909180500000
16.81        2.79193494591874900000
16.82        2.79254768718103800000
16.83        2.79316005333835300000
16.84        2.79377204484952900000
16.85        2.79438366217256000000
16.86        2.79499490576460600000
16.87        2.79560577608198200000
16.88        2.79621627358017400000
16.89        2.79682639871383300000
16.90        2.79743615193678000000
16.91        2.79804553370200600000
16.92        2.79865454446167500000
16.93        2.79926318466712700000
16.94        2.79987145476887900000
16.95        2.80047935521662800000
16.96        2.80108688645924900000
16.97        2.80169404894480400000
16.98        2.80230084312053800000
16.99        2.80290726943288200000
17.00        2.80351332832746000000
17.01        2.80411902024908400000
17.02        2.80472434564175700000
17.03        2.80532930494868300000
17.04        2.80593389861225600000
17.05        2.80653812707407500000
17.06        2.80714199077493500000
17.07        2.80774549015483600000
17.08        2.80834862565298200000
17.09        2.80895139770778400000
17.10        2.80955380675685900000
17.11        2.81015585323703800000
17.12        2.81075753758436300000
17.13        2.81135886023409000000
17.14        2.81195982162068800000
17.15        2.81256042217784800000
17.16        2.81316066233847900000
17.17        2.81376054253471300000
17.18        2.81436006319790300000
17.19        2.81495922475862900000
17.20        2.81555802764669700000
17.21        2.81615647229114500000
17.22        2.81675455912023700000
17.23        2.81735228856147500000
17.24        2.81794966104159200000
17.25        2.81854667698655700000
17.26        2.81914333682158100000
17.27        2.81973964097111100000
17.28        2.82033558985883900000
17.29        2.82093118390769700000
17.30        2.82152642353986600000
17.31        2.82212130917677300000
17.32        2.82271584123909300000
17.33        2.82331002014675400000
17.34        2.82390384631893100000
17.35        2.82449732017406200000
17.36        2.82509044212983400000
17.37        2.82568321260319500000
17.38        2.82627563201035100000
17.39        2.82686770076677400000
17.40        2.82745941928719100000
17.41        2.82805078798560100000
17.42        2.82864180727526600000
17.43        2.82923247756871800000
17.44        2.82982279927775900000
17.45        2.83041277281345900000
17.46        2.83100239858616900000
17.47        2.83159167700550700000
17.48        2.83218060848037500000
17.49        2.83276919341894800000
17.50        2.83335743222868400000
17.51        2.83394532531632400000
17.52        2.83453287308788900000
17.53        2.83512007594869100000
17.54        2.83570693430332300000
17.55        2.83629344855567000000
17.56        2.83687961910890700000
17.57        2.83746544636550200000
17.58        2.83805093072721400000
17.59        2.83863607259509900000
17.60        2.83922087236951100000
17.61        2.83980533045009900000
17.62        2.84038944723581900000
17.63        2.84097322312492000000
17.64        2.84155665851496200000
17.65        2.84213975380280700000
17.66        2.84272250938462300000
17.67        2.84330492565588900000
17.68        2.84388700301139100000
17.69        2.84446874184522900000
17.70        2.84505014255081500000
17.71        2.84563120552087600000
17.72        2.84621193114745500000
17.73        2.84679231982191400000
17.74        2.84737237193493400000
17.75        2.84795208787651600000
17.76        2.84853146803598600000
17.77        2.84911051280199200000
17.78        2.84968922256250900000
17.79        2.85026759770484000000
17.80        2.85084563861561500000
17.81        2.85142334568079500000
17.82        2.85200071928567600000
17.83        2.85257775981488300000
17.84        2.85315446765237900000
17.85        2.85373084318146300000
17.86        2.85430688678477100000
17.87        2.85488259884428200000
17.88        2.85545797974131200000
17.89        2.85603302985652100000
17.90        2.85660774956991700000
17.91        2.85718213926084700000
17.92        2.85775619930801100000
17.93        2.85832993008945500000
17.94        2.85890333198257500000
17.95        2.85947640536412000000
17.96        2.86004915061019300000
17.97        2.86062156809624700000
17.98        2.86119365819709900000
17.99        2.86176542128691400000
18.00        2.86233685773922500000
18.01        2.86290796792692000000
18.02        2.86347875222225100000
18.03        2.86404921099683300000
18.04        2.86461934462164600000
18.05        2.86518915346703700000
18.06        2.86575863790272000000
18.07        2.86632779829777700000
18.08        2.86689663502066300000
18.09        2.86746514843920500000
18.10        2.86803333892060200000
18.11        2.86860120683142700000
18.12        2.86916875253763500000
18.13        2.86973597640455100000
18.14        2.87030287879688400000
18.15        2.87086946007872300000
18.16        2.87143572061353800000
18.17        2.87200166076418300000
18.18        2.87256728089289700000
18.19        2.87313258136130500000
18.20        2.87369756253041800000
18.21        2.87426222476063900000
18.22        2.87482656841175900000
18.23        2.87539059384296100000
18.24        2.87595430141282100000
18.25        2.87651769147931100000
18.26        2.87708076439979700000
18.27        2.87764352053104100000
18.28        2.87820596022920900000
18.29        2.87876808384986000000
18.30        2.87932989174795900000
18.31        2.87989138427787200000
18.32        2.88045256179336600000
18.33        2.88101342464761900000
18.34        2.88157397319321000000
18.35        2.88213420778213100000
18.36        2.88269412876577800000
18.37        2.88325373649496200000
18.38        2.88381303131990300000
18.39        2.88437201359023500000
18.40        2.88493068365500700000
18.41        2.88548904186268300000
18.42        2.88604708856114500000
18.43        2.88660482409769200000
18.44        2.88716224881904300000
18.45        2.88771936307133900000
18.46        2.88827616720014400000
18.47        2.88883266155044200000
18.48        2.88938884646664500000
18.49        2.88994472229259000000
18.50        2.89050028937154100000
18.51        2.89105554804619300000
18.52        2.89161049865866600000
18.53        2.89216514155051600000
18.54        2.89271947706273000000
18.55        2.89327350553572700000
18.56        2.89382722730936300000
18.57        2.89438064272292900000
18.58        2.89493375211515400000
18.59        2.89548655582420600000
18.60        2.89603905418769300000
18.61        2.89659124754266100000
18.62        2.89714313622560300000
18.63        2.89769472057245200000
18.64        2.89824600091859000000
18.65        2.89879697759884100000
18.66        2.89934765094747700000
18.67        2.89989802129822000000
18.68        2.90044808898424200000
18.69        2.90099785433816300000
18.70        2.90154731769205800000
18.71        2.90209647937745400000
18.72        2.90264533972533300000
18.73        2.90319389906613300000
18.74        2.90374215772974800000
18.75        2.90429011604553000000
18.76        2.90483777434229300000
18.77        2.90538513294830600000
18.78        2.90593219219130500000
18.79        2.90647895239848800000
18.80        2.90702541389651300000
18.81        2.90757157701150800000
18.82        2.90811744206906500000
18.83        2.90866300939424300000
18.84        2.90920827931157200000
18.85        2.90975325214504800000
18.86        2.91029792821814100000
18.87        2.91084230785379500000
18.88        2.91138639137442100000
18.89        2.91193017910191000000
18.90        2.91247367135762600000
18.91        2.91301686846241000000
18.92        2.91355977073658200000
18.93        2.91410237849994000000
18.94        2.91464469207176100000
18.95        2.91518671177080500000
18.96        2.91572843791531500000
18.97        2.91626987082301400000
18.98        2.91681101081111400000
18.99        2.91735185819630900000
19.00        2.91789241329478100000
19.01        2.91843267642220100000
19.02        2.91897264789372700000
19.03        2.91951232802401000000
19.04        2.92005171712718900000
19.05        2.92059081551689800000
19.06        2.92112962350626300000
19.07        2.92166814140790400000
19.08        2.92220636953393800000
19.09        2.92274430819597700000
19.10        2.92328195770513200000
19.11        2.92381931837201300000
19.12        2.92435639050673000000
19.13        2.92489317441889200000
19.14        2.92542967041761100000
19.15        2.92596587881150500000
19.16        2.92650179990869200000
19.17        2.92703743401679800000
19.18        2.92757278144295200000
19.19        2.92810784249379500000
19.20        2.92864261747547300000
19.21        2.92917710669364300000
19.22        2.92971131045347100000
19.23        2.93024522905963600000
19.24        2.93077886281633000000
19.25        2.93131221202725600000
19.26        2.93184527699563400000
19.27        2.93237805802420000000
19.28        2.93291055541520500000
19.29        2.93344276947041800000
19.30        2.93397470049112900000
19.31        2.93450634877814400000
19.32        2.93503771463179400000
19.33        2.93556879835192900000
19.34        2.93609960023792100000
19.35        2.93663012058867100000
19.36        2.93716035970259700000
19.37        2.93769031787765100000
19.38        2.93821999541130600000
19.39        2.93874939260056700000
19.40        2.93927850974196400000
19.41        2.93980734713155900000
19.42        2.94033590506494500000
19.43        2.94086418383724600000
19.44        2.94139218374312100000
19.45        2.94191990507675900000
19.46        2.94244734813188700000
19.47        2.94297451320176800000
19.48        2.94350140057919900000
19.49        2.94402801055651700000
19.50        2.94455434342559500000
19.51        2.94508039947785100000
19.52        2.94560617900423800000
19.53        2.94613168229525400000
19.54        2.94665690964093900000
19.55        2.94718186133087600000
19.56        2.94770653765419000000
19.57        2.94823093889955800000
19.58        2.94875506535519800000
19.59        2.94927891730887600000
19.60        2.94980249504790800000
19.61        2.95032579885915700000
19.62        2.95084882902904000000
19.63        2.95137158584352100000
19.64        2.95189406958811800000
19.65        2.95241628054790300000
19.66        2.95293821900749800000
19.67        2.95345988525108600000
19.68        2.95398127956240000000
19.69        2.95450240222473300000
19.70        2.95502325352093500000
19.71        2.95554383373341300000
19.72        2.95606414314413600000
19.73        2.95658418203463300000
19.74        2.95710395068599100000
19.75        2.95762344937886400000
19.76        2.95814267839346500000
19.77        2.95866163800957500000
19.78        2.95918032850653500000
19.79        2.95969875016325600000
19.80        2.96021690325821500000
19.81        2.96073478806945700000
19.82        2.96125240487459100000
19.83        2.96176975395080300000
19.84        2.96228683557484200000
19.85        2.96280365002303300000
19.86        2.96332019757127000000
19.87        2.96383647849502500000
19.88        2.96435249306933600000
19.89        2.96486824156882400000
19.90        2.96538372426767900000
19.91        2.96589894143967100000
19.92        2.96641389335814700000
19.93        2.96692858029603100000
19.94        2.96744300252582600000
19.95        2.96795716031961800000
19.96        2.96847105394907000000
19.97        2.96898468368542900000
19.98        2.96949804979952300000
19.99        2.97001115256176400000
20.00        2.97052399224215000000
20.01        2.97103656911026000000
20.02        2.97154888343526200000
20.03        2.97206093548591300000
20.04        2.97257272553055000000
20.05        2.97308425383710800000
20.06        2.97359552067310500000
20.07        2.97410652630565000000
20.08        2.97461727100144300000
20.09        2.97512775502677900000
20.10        2.97563797864754100000
