20.00        2.97052399224215000000
20.01        2.97103656911026000000
20.02        2.97154888343526200000
20.03        2.97206093548591300000
20.04        2.97257272553055000000
20.05        2.97308425383710800000
20.06        2.97359552067310500000
20.07        2.97410652630565000000
20.08        2.97461727100144300000
20.09        2.97512775502677900000
20.10        2.97563797864754100000
20.11        2.97614794212920800000
20.12        2.97665764573685500000
20.13        2.97716708973514900000
20.14        2.97767627438835400000
20.15        2.97818519996033000000
20.16        2.97869386671453800000
20.17        2.97920227491403300000
20.18        2.97971042482147100000
20.19        2.98021831669911100000
20.20        2.98072595080880700000
20.21        2.98123332741201900000
20.22        2.98174044676980800000
20.23        2.98224730914284000000
20.24        2.98275391479138200000
20.25        2.98326026397530800000
20.26        2.98376635695409800000
20.27        2.98427219398683600000
20.28        2.98477777533221800000
20.29        2.98528310124854100000
20.30        2.98578817199371900000
20.31        2.98629298782527000000
20.32        2.98679754900032400000
20.33        2.98730185577562200000
20.34        2.98780590840751800000
20.35        2.98830970715197800000
20.36        2.98881325226458200000
20.37        2.98931654400052200000
20.38        2.98981958261460900000
20.39        2.99032236836126800000
20.40        2.99082490149454100000
20.41        2.99132718226808700000
20.42        2.99182921093518100000
20.43        2.99233098774872400000
20.44        2.99283251296122800000
20.45        2.99333378682483100000
20.46        2.99383480959129100000
20.47        2.99433558151198900000
20.48        2.99483610283792600000
20.49        2.99533637381972900000
20.50        2.99583639470764600000
20.51        2.99633616575155700000
20.52        2.99683568720096000000
20.53        2.99733495930498300000
20.54        2.99783398231238300000
20.55        2.99833275647154000000
20.56        2.99883128203046900000
20.57        2.99932955923680900000
20.58        2.99982758833783300000
20.59        3.00032536958044300000
20.60        3.00082290321117300000
20.61        3.00132018947618900000
20.62        3.00181722862129300000
20.63        3.00231402089191600000
20.64        3.00281056653312900000
20.65        3.00330686578963300000
20.66        3.00380291890576900000
20.67        3.00429872612551400000
20.68        3.00479428769248100000
20.69        3.00528960384992400000
20.70        3.00578467484073200000
20.71        3.00627950090743700000
20.72        3.00677408229221000000
20.73        3.00726841923686300000
20.74        3.00776251198285000000
20.75        3.00825636077126900000
20.76        3.00874996584285800000
20.77        3.00924332743800100000
20.78        3.00973644579672700000
20.79        3.01022932115870900000
20.80        3.01072195376326600000
20.81        3.01121434384936600000
20.82        3.01170649165562000000
20.83        3.01219839742029300000
20.84        3.01269006138129300000
20.85        3.01318148377618100000
20.86        3.01367266484216600000
20.87        3.01416360481611100000
20.88        3.01465430393452700000
20.89        3.01514476243358000000
20.90        3.01563498054908600000
20.91        3.01612495851651700000
20.92        3.01661469657099800000
20.93        3.01710419494731000000
20.94        3.01759345387988900000
20.95        3.01808247360282600000
20.96        3.01857125434987200000
20.97        3.01905979635443200000
20.98        3.01954809984957300000
20.99        3.02003616506801700000
21.00        3.02052399224214900000
21.01        3.02101158160401300000
21.02        3.02149893338531200000
21.03        3.02198604781741500000
21.04        3.02247292513134900000
21.05        3.02295956555780700000
21.06        3.02344596932714300000
21.07        3.02393213666937600000
21.08        3.02441806781419200000
21.09        3.02490376299094000000
21.10        3.02538922242863500000
21.11        3.02587444635596100000
21.12        3.02635943500126800000
21.13        3.02684418859257500000
21.14        3.02732870735757000000
21.15        3.02781299152360600000
21.16        3.02829704131771200000
21.17        3.02878085696658600000
21.18        3.02926443869659500000
21.19        3.02974778673378200000
21.20        3.03023090130385600000
21.21        3.03071378263220700000
21.22        3.03119643094389300000
21.23        3.03167884646365000000
21.24        3.03216102941588800000
21.25        3.03264298002469100000
21.26        3.03312469851382100000
21.27        3.03360618510671700000
21.28        3.03408744002649800000
21.29        3.03456846349595400000
21.30        3.03504925573756100000
21.31        3.03552981697347300000
21.32        3.03601014742552000000
21.33        3.03649024731521900000
21.34        3.03697011686376200000
21.35        3.03744975629202700000
21.36        3.03792916582057400000
21.37        3.03840834566964300000
21.38        3.03888729605916200000
21.39        3.03936601720874200000
21.40        3.03984450933767800000
21.41        3.04032277266495100000
21.42        3.04080080740922700000
21.43        3.04127861378886000000
21.44        3.04175619202189300000
21.45        3.04223354232605300000
21.46        3.04271066491876000000
21.47        3.04318756001711900000
21.48        3.04366422783792600000
21.49        3.04414066859766900000
21.50        3.04461688251252400000
21.51        3.04509286979836300000
21.52        3.04556863067074500000
21.53        3.04604416534492500000
21.54        3.04651947403584900000
21.55        3.04699455695815800000
21.56        3.04746941432618900000
21.57        3.04794404635397000000
21.58        3.04841845325522900000
21.59        3.04889263524338600000
21.60        3.04936659253156100000
21.61        3.04984032533256900000
21.62        3.05031383385892600000
21.63        3.05078711832284200000
21.64        3.05126017893622900000
21.65        3.05173301591069800000
21.66        3.05220562945756000000
21.67        3.05267801978782600000
21.68        3.05315018711221100000
21.69        3.05362213164112700000
21.70        3.05409385358469300000
21.71        3.05456535315272900000
21.72        3.05503663055475800000
21.73        3.05550768600000800000
21.74        3.05597851969741200000
21.75        3.05644913185560700000
21.76        3.05691952268293500000
21.77        3.05738969238744800000
21.78        3.05785964117690000000
21.79        3.05832936925875700000
21.80        3.05879887684018900000
21.81        3.05926816412807800000
21.82        3.05973723132901200000
21.83        3.06020607864929000000
21.84        3.06067470629492000000
21.85        3.06114311447162500000
21.86        3.06161130338483200000
21.87        3.06207927323968600000
21.88        3.06254702424104100000
21.89        3.06301455659346500000
21.90        3.06348187050123900000
21.91        3.06394896616835800000
21.92        3.06441584379853200000
21.93        3.06488250359518400000
21.94        3.06534894576145500000
21.95        3.06581517050020000000
21.96        3.06628117801399400000
21.97        3.06674696850512300000
21.98        3.06721254217559800000
21.99        3.06767789922714000000
22.00        3.06814303986119700000
22.01        3.06860796427893000000
22.02        3.06907267268122100000
22.03        3.06953716526867600000
22.04        3.07000144224161500000
22.05        3.07046550380008700000
22.06        3.07092935014385700000
22.07        3.07139298147241300000
22.08        3.07185639798497000000
22.09        3.07231959988046000000
22.10        3.07278258735754500000
22.11        3.07324536061460700000
22.12        3.07370791984975300000
22.13        3.07417026526082000000
22.14        3.07463239704536500000
22.15        3.07509431540067400000
22.16        3.07555602052376200000
22.17        3.07601751261136600000
22.18        3.07647879185995700000
22.19        3.07693985846573000000
22.20        3.07740071262461100000
22.21        3.07786135453225400000
22.22        3.07832178438404400000
22.23        3.07878200237509600000
22.24        3.07924200870025600000
22.25        3.07970180355410200000
22.26        3.08016138713094300000
22.27        3.08062075962481900000
22.28        3.08107992122950500000
22.29        3.08153887213851000000
22.30        3.08199761254507300000
22.31        3.08245614264217300000
22.32        3.08291446262251900000
22.33        3.08337257267855700000
22.34        3.08383047300246800000
22.35        3.08428816378617200000
22.36        3.08474564522132300000
22.37        3.08520291749931000000
22.38        3.08565998081126700000
22.39        3.08611683534806000000
22.40        3.08657348130029500000
22.41        3.08702991885831800000
22.42        3.08748614821221400000
22.43        3.08794216955181000000
22.44        3.08839798306667000000
22.45        3.08885358894610000000
22.46        3.08930898737915100000
22.47        3.08976417855461300000
22.48        3.09021916266101700000
22.49        3.09067393988664000000
22.50        3.09112851041950100000
22.51        3.09158287444736400000
22.52        3.09203703215773400000
22.53        3.09249098373786500000
22.54        3.09294472937475400000
22.55        3.09339826925514200000
22.56        3.09385160356552100000
22.57        3.09430473249212500000
22.58        3.09475765622093800000
22.59        3.09521037493768900000
22.60        3.09566288882785700000
22.61        3.09611519807667000000
22.62        3.09656730286910200000
22.63        3.09701920338987800000
22.64        3.09747089982347500000
22.65        3.09792239235411600000
22.66        3.09837368116577800000
22.67        3.09882476644218700000
22.68        3.09927564836682300000
22.69        3.09972632712291600000
22.70        3.10017680289344900000
22.71        3.10062707586115800000
22.72        3.10107714620853300000
22.73        3.10152701411781800000
22.74        3.10197667977100900000
22.75        3.10242614334985900000
22.76        3.10287540503587700000
22.77        3.10332446501032300000
22.78        3.10377332345421900000
22.79        3.10422198054833900000
22.80        3.10467043647321700000
22.81        3.10511869140914200000
22.82        3.10556674553616100000
22.83        3.10601459903408100000
22.84        3.10646225208246700000
22.85        3.10690970486064100000
22.86        3.10735695754768600000
22.87        3.10780401032244800000
22.88        3.10825086336352700000
22.89        3.10869751684929000000
22.90        3.10914397095786000000
22.91        3.10959022586712600000
22.92        3.11003628175473600000
22.93        3.11048213879810200000
22.94        3.11092779717440000000
22.95        3.11137325706056500000
22.96        3.11181851863330200000
22.97        3.11226358206907400000
22.98        3.11270844754411400000
22.99        3.11315311523441600000
23.00        3.11359758531574200000
23.01        3.11404185796361800000
23.02        3.11448593335333700000
23.03        3.11492981165996000000
23.04        3.11537349305831200000
23.05        3.11581697772298900000
23.06        3.11626026582835400000
23.07        3.11670335754853500000
23.08        3.11714625305743400000
23.09        3.11758895252871800000
23.10        3.11803145613582500000
23.11        3.11847376405196500000
23.12        3.11891587645011500000
23.13        3.11935779350302500000
23.14        3.11979951538321500000
23.15        3.12024104226297700000
23.16        3.12068237431437500000
23.17        3.12112351170924700000
23.18        3.12156445461919900000
23.19        3.12200520321561800000
23.20        3.12244575766965600000
23.21        3.12288611815224500000
23.22        3.12332628483408900000
23.23        3.12376625788566800000
23.24        3.12420603747723600000
23.25        3.12464562377882200000
23.26        3.12508501696023300000
23.27        3.12552421719105100000
23.28        3.12596322464063600000
23.29        3.12640203947812300000
23.30        3.12684066187242700000
23.31        3.12727909199224000000
23.32        3.12771733000603100000
23.33        3.12815537608205000000
23.34        3.12859323038832300000
23.35        3.12903089309266000000
23.36        3.12946836436264600000
23.37        3.12990564436565000000
23.38        3.13034273326881800000
23.39        3.13077963123908200000
23.40        3.13121633844315200000
23.41        3.13165285504751900000
23.42        3.13208918121845900000
23.43        3.13252531712202800000
23.44        3.13296126292406700000
23.45        3.13339701879019800000
23.46        3.13383258488583000000
23.47        3.13426796137615200000
23.48        3.13470314842614200000
23.49        3.13513814620055700000
23.50        3.13557295486394500000
23.51        3.13600757458063800000
23.52        3.13644200551475000000
23.53        3.13687624783018600000
23.54        3.13731030169063600000
23.55        3.13774416725957600000
23.56        3.13817784470027200000
23.57        3.13861133417577600000
23.58        3.13904463584892700000
23.59        3.13947774988235500000
23.60        3.13991067643847700000
23.61        3.14034341567950000000
23.62        3.14077596776742200000
23.63        3.14120833286402800000
23.64        3.14164051113089600000
23.65        3.14207250272939200000
23.66        3.14250430782067600000
23.67        3.14293592656569800000
23.68        3.14336735912520100000
23.69        3.14379860565971600000
23.70        3.14422966632957300000
23.71        3.14466054129488800000
23.72        3.14509123071557500000
23.73        3.14552173475134200000
23.74        3.14595205356168600000
23.75        3.14638218730590300000
23.76        3.14681213614308200000
23.77        3.14724190023210600000
23.78        3.14767147973165500000
23.79        3.14810087480020400000
23.80        3.14853008559602300000
23.81        3.14895911227718200000
23.82        3.14938795500154200000
23.83        3.14981661392676600000
23.84        3.15024508921031200000
23.85        3.15067338100943800000
23.86        3.15110148948119500000
23.87        3.15152941478243900000
23.88        3.15195715706982100000
23.89        3.15238471649979200000
23.90        3.15281209322860300000
23.91        3.15323928741230300000
23.92        3.15366629920674300000
23.93        3.15409312876757400000
23.94        3.15451977625025000000
23.95        3.15494624181002100000
23.96        3.15537252560194300000
23.97        3.15579862778087200000
23.98        3.15622454850146900000
23.99        3.15665028791819200000
24.00        3.15707584618530700000
24.01        3.15750122345688200000
24.02        3.15792641988678600000
24.03        3.15835143562869600000
24.04        3.15877627083609000000
24.05        3.15920092566225200000
24.06        3.15962540026027000000
24.07        3.16004969478303900000
24.08        3.16047380938325700000
24.09        3.16089774421343000000
24.10        3.16132149942586800000
24.11        3.16174507517269200000
24.12        3.16216847160582400000
24.13        3.16259168887699800000
24.14        3.16301472713775300000
24.15        3.16343758653943500000
24.16        3.16386026723320100000
24.17        3.16428276937001500000
24.18        3.16470509310064900000
24.19        3.16512723857568700000
24.20        3.16554920594551800000
24.21        3.16597099536034500000
24.22        3.16639260697017800000
24.23        3.16681404092484100000
24.24        3.16723529737396500000
24.25        3.16765637646699400000
24.26        3.16807727835318300000
24.27        3.16849800318159700000
24.28        3.16891855110111700000
24.29        3.16933892226043300000
24.30        3.16975911680805000000
24.31        3.17017913489228400000
24.32        3.17059897666126300000
24.33        3.17101864226293300000
24.34        3.17143813184505000000
24.35        3.17185744555518700000
24.36        3.17227658354072900000
24.37        3.17269554594887600000
24.38        3.17311433292664500000
24.39        3.17353294462086900000
24.40        3.17395138117819500000
24.41        3.17436964274508500000
24.42        3.17478772946781800000
24.43        3.17520564149249300000
24.44        3.17562337896502200000
24.45        3.17604094203113600000
24.46        3.17645833083638300000
24.47        3.17687554552613100000
24.48        3.17729258624556300000
24.49        3.17770945313968100000
24.50        3.17812614635330700000
24.51        3.17854266603108400000
24.52        3.17895901231747100000
24.53        3.17937518535674800000
24.54        3.17979118529301500000
24.55        3.18020701227019200000
24.56        3.18062266643202100000
24.57        3.18103814792206400000
24.58        3.18145345688370200000
24.59        3.18186859346014200000
24.60        3.18228355779440900000
24.61        3.18269835002935200000
24.62        3.18311297030764200000
24.63        3.18352741877177200000
24.64        3.18394169556406000000
24.65        3.18435580082664300000
24.66        3.18476973470148800000
24.67        3.18518349733037900000
24.68        3.18559708885493000000
24.69        3.18601050941657600000
24.70        3.18642375915657700000
24.71        3.18683683821601800000
24.72        3.18724974673581100000
24.73        3.18766248485669300000
24.74        3.18807505271922700000
24.75        3.18848745046379800000
24.76        3.18889967823062400000
24.77        3.18931173615974700000
24.78        3.18972362439103300000
24.79        3.19013534306418000000
24.80        3.19054689231871300000
24.81        3.19095827229398100000
24.82        3.19136948312916600000
24.83        3.19178052496327500000
24.84        3.19219139793514500000
24.85        3.19260210218344200000
24.86        3.19301263784666000000
24.87        3.19342300506312600000
24.88        3.19383320397099300000
24.89        3.19424323470824700000
24.90        3.19465309741270300000
24.91        3.19506279222200600000
24.92        3.19547231927363300000
24.93        3.19588167870489200000
24.94        3.19629087065292300000
24.95        3.19669989525469700000
24.96        3.19710875264701800000
24.97        3.19751744296652100000
24.98        3.19792596634967600000
24.99        3.19833432293278100000
25.00        3.19874251285197400000
25.01        3.19915053624322100000
25.02        3.19955839324232300000
25.03        3.19996608398491800000
25.04        3.20037360860647300000
25.05        3.20078096724229300000
25.06        3.20118816002751800000
25.07        3.20159518709712300000
25.08        3.20200204858591500000
25.09        3.20240874462854000000
25.10        3.20281527535947800000
25.11        3.20322164091304900000
25.12        3.20362784142340300000
25.13        3.20403387702453200000
25.14        3.20443974785026300000
25.15        3.20484545403425900000
25.16        3.20525099571002200000
25.17        3.20565637301089200000
25.18        3.20606158607004500000
25.19        3.20646663502049900000
25.20        3.20687151999510500000
25.21        3.20727624112655700000
25.22        3.20768079854738700000
25.23        3.20808519238996700000
25.24        3.20848942278650600000
25.25        3.20889348986905500000
25.26        3.20929739376950600000
25.27        3.20970113461958700000
25.28        3.21010471255087000000
25.29        3.21050812769476800000
25.30        3.21091138018253500000
25.31        3.21131447014526600000
25.32        3.21171739771389400000
25.33        3.21212016301920100000
25.34        3.21252276619180400000
25.35        3.21292520736216900000
25.36        3.21332748666059700000
25.37        3.21372960421723900000
25.38        3.21413156016208400000
25.39        3.21453335462497000000
25.40        3.21493498773557200000
25.41        3.21533645962341300000
25.42        3.21573777041785900000
25.43        3.21613892024812100000
25.44        3.21653990924325500000
25.45        3.21694073753215900000
25.46        3.21734140524357900000
25.47        3.21774191250610600000
25.48        3.21814225944817700000
25.49        3.21854244619807200000
25.50        3.21894247288391900000
25.51        3.21934233963369600000
25.52        3.21974204657522000000
25.53        3.22014159383616100000
25.54        3.22054098154403400000
25.55        3.22094020982620000000
25.56        3.22133927880987200000
25.57        3.22173818862210400000
25.58        3.22213693938980500000
25.59        3.22253553123972700000
25.60        3.22293396429847400000
25.61        3.22333223869249700000
25.62        3.22373035454809700000
25.63        3.22412831199142300000
25.64        3.22452611114847500000
25.65        3.22492375214510200000
25.66        3.22532123510700300000
25.67        3.22571856015972700000
25.68        3.22611572742867400000
25.69        3.22651273703909500000
25.70        3.22690958911609100000
25.71        3.22730628378461400000
25.72        3.22770282116946900000
25.73        3.22809920139531100000
25.74        3.22849542458664700000
25.75        3.22889149086783900000
25.76        3.22928740036309600000
25.77        3.22968315319648400000
25.78        3.23007874949192000000
25.79        3.23047418937317600000
25.80        3.23086947296387400000
25.81        3.23126460038749200000
25.82        3.23165957176736100000
25.83        3.23205438722666600000
25.84        3.23244904688844500000
25.85        3.23284355087559500000
25.86        3.23323789931086000000
25.87        3.23363209231684600000
25.88        3.23402613001600900000
25.89        3.23442001253066600000
25.90        3.23481373998298400000
25.91        3.23520731249498800000
25.92        3.23560073018856000000
25.93        3.23599399318543700000
25.94        3.23638710160721300000
25.95        3.23678005557533900000
25.96        3.23717285521112100000
25.97        3.23756550063572400000
25.98        3.23795799197017200000
25.99        3.23835032933534200000
26.00        3.23874251285197400000
26.01        3.23913454264066200000
26.02        3.23952641882186000000
26.03        3.23991814151588100000
26.04        3.24030971084289400000
26.05        3.24070112692293200000
26.06        3.24109238987588200000
26.07        3.24148349982149500000
26.08        3.24187445687937600000
26.09        3.24226526116899500000
26.10        3.24265591280967700000
26.11        3.24304641192061500000
26.12        3.24343675862085500000
26.13        3.24382695302930800000
26.14        3.24421699526474200000
26.15        3.24460688544579000000
26.16        3.24499662369094400000
26.17        3.24538621011856000000
26.18        3.24577564484685200000
26.19        3.24616492799390100000
26.20        3.24655405967764400000
26.21        3.24694304001588700000
26.22        3.24733186912629300000
26.23        3.24772054712639200000
26.24        3.24810907413357400000
26.25        3.24849745026509500000
26.26        3.24888567563807300000
26.27        3.24927375036948700000
26.28        3.24966167457618700000
26.29        3.25004944837487900000
26.30        3.25043707188214000000
26.31        3.25082454521440800000
26.32        3.25121186848798600000
26.33        3.25159904181904300000
26.34        3.25198606532361200000
26.35        3.25237293911759200000
26.36        3.25275966331674900000
26.37        3.25314623803671100000
26.38        3.25353266339297500000
26.39        3.25391893950090500000
26.40        3.25430506647572900000
26.41        3.25469104443254300000
26.42        3.25507687348630900000
26.43        3.25546255375185700000
26.44        3.25584808534388400000
26.45        3.25623346837695200000
26.46        3.25661870296549600000
26.47        3.25700378922381400000
26.48        3.25738872726607300000
26.49        3.25777351720631000000
26.50        3.25815815915842900000
26.51        3.25854265323620500000
26.52        3.25892699955327600000
26.53        3.25931119822315700000
26.54        3.25969524935922500000
26.55        3.26007915307473300000
26.56        3.26046290948279800000
26.57        3.26084651869641000000
26.58        3.26122998082842900000
26.59        3.26161329599158400000
26.60        3.26199646429847400000
26.61        3.26237948586157200000
26.62        3.26276236079321800000
26.63        3.26314508920562500000
26.64        3.26352767121087700000
26.65        3.26391010692093100000
26.66        3.26429239644761100000
26.67        3.26467453990261800000
26.68        3.26505653739752200000
26.69        3.26543838904376700000
26.70        3.26582009495266600000
26.71        3.26620165523541100000
26.72        3.26658307000306100000
26.73        3.26696433936655000000
26.74        3.26734546343668600000
26.75        3.26772644232414900000
26.76        3.26810727613949300000
26.77        3.26848796499314700000
26.78        3.26886850899541100000
26.79        3.26924890825646500000
26.80        3.26962916288635500000
26.81        3.27000927299500900000
26.82        3.27038923869222500000
26.83        3.27076906008768000000
26.84        3.27114873729092200000
26.85        3.27152827041137900000
26.86        3.27190765955834600000
26.87        3.27228690484100500000
26.88        3.27266600636840500000
26.89        3.27304496424947600000
26.90        3.27342377859302300000
26.91        3.27380244950772500000
26.92        3.27418097710214100000
26.93        3.27455936148470400000
26.94        3.27493760276372800000
26.95        3.27531570104740000000
26.96        3.27569365644378600000
26.97        3.27607146906083000000
26.98        3.27644913900635300000
26.99        3.27682666638805500000
27.00        3.27720405131351200000
27.01        3.27758129389018200000
27.02        3.27795839422539500000
27.03        3.27833535242636900000
27.04        3.27871216860019100000
27.05        3.27908884285383500000
27.06        3.27946537529414800000
27.07        3.27984176602786200000
27.08        3.28021801516158500000
27.09        3.28059412280180300000
27.10        3.28097008905488800000
27.11        3.28134591402708800000
27.12        3.28172159782453000000
27.13        3.28209714055322700000
27.14        3.28247254231906500000
27.15        3.28284780322781700000
27.16        3.28322292338513400000
27.17        3.28359790289655000000
27.18        3.28397274186747800000
27.19        3.28434744040321700000
27.20        3.28472199860894200000
27.21        3.28509641658971400000
27.22        3.28547069445047300000
27.23        3.28584483229604500000
27.24        3.28621883023113500000
27.25        3.28659268836033300000
27.26        3.28696640678811100000
27.27        3.28733998561882100000
27.28        3.28771342495670500000
27.29        3.28808672490587900000
27.30        3.28845988557035300000
27.31        3.28883290705401300000
27.32        3.28920578946063100000
27.33        3.28957853289386300000
27.34        3.28995113745724900000
27.35        3.29032360325421400000
27.36        3.29069593038806900000
27.37        3.29106811896200500000
27.38        3.29144016907910100000
27.39        3.29181208084232200000
27.40        3.29218385435451700000
27.41        3.29255548971842000000
27.42        3.29292698703664900000
27.43        3.29329834641171400000
27.44        3.29366956794600200000
27.45        3.29404065174179200000
27.46        3.29441159790124800000
27.47        3.29478240652642000000
27.48        3.29515307771924500000
27.49        3.29552361158154600000
27.50        3.29589400821503300000
27.51        3.29626426772130400000
27.52        3.29663439020184300000
27.53        3.29700437575802300000
27.54        3.29737422449110200000
27.55        3.29774393650222800000
27.56        3.29811351189243600000
27.57        3.29848295076265000000
27.58        3.29885225321368100000
27.59        3.29922141934622800000
27.60        3.29959044926088000000
27.61        3.29995934305811400000
27.62        3.30032810083829700000
27.63        3.30069672270168200000
27.64        3.30106520874841500000
27.65        3.30143355907853000000
27.66        3.30180177379194700000
27.67        3.30216985298848200000
27.68        3.30253779676783600000
27.69        3.30290560522960300000
27.70        3.30327327847326600000
27.71        3.30364081659819600000
27.72        3.30400821970366000000
27.73        3.30437548788881000000
27.74        3.30474262125269200000
27.75        3.30510961989424200000
27.76        3.30547648391228900000
27.77        3.30584321340554900000
27.78        3.30620980847263400000
27.79        3.30657626921204500000
27.80        3.30694259572217600000
27.81        3.30730878810131200000
27.82        3.30767484644763200000
27.83        3.30804077085920500000
27.84        3.30840656143399200000
27.85        3.30877221826985100000
27.86        3.30913774146452600000
27.87        3.30950313111566100000
27.88        3.30986838732078600000
27.89        3.31023351017733000000
27.90        3.31059849978261400000
27.91        3.31096335623384900000
27.92        3.31132807962814400000
27.93        3.31169267006249900000
27.94        3.31205712763381000000
27.95        3.31242145243886600000
27.96        3.31278564457435000000
27.97        3.31314970413684000000
27.98        3.31351363122281000000
27.99        3.31387742592862500000
28.00        3.31424108835055000000
28.01        3.31460461858473900000
28.02        3.31496801672724600000
28.03        3.31533128287401900000
28.04        3.31569441712090100000
28.05        3.31605741956363100000
28.06        3.31642029029784300000
28.07        3.31678302941907000000
28.08        3.31714563702273600000
28.09        3.31750811320416600000
28.10        3.31787045805857800000
28.11        3.31823267168109000000
28.12        3.31859475416671300000
28.13        3.31895670561035900000
28.14        3.31931852610683200000
28.15        3.31968021575083700000
28.16        3.32004177463697400000
28.17        3.32040320285974500000
28.18        3.32076450051354200000
28.19        3.32112566769266200000
28.20        3.32148670449129500000
28.21        3.32184761100353200000
28.22        3.32220838732336000000
28.23        3.32256903354466800000
28.24        3.32292954976123900000
28.25        3.32328993606675600000
28.26        3.32365019255480200000
28.27        3.32401031931885800000
28.28        3.32437031645230500000
28.29        3.32473018404842200000
28.30        3.32508992220039000000
28.31        3.32544953100128500000
28.32        3.32580901054408600000
28.33        3.32616836092167200000
28.34        3.32652758222681700000
28.35        3.32688667455220400000
28.36        3.32724563799040800000
28.37        3.32760447263390800000
28.38        3.32796317857508300000
28.39        3.32832175590621400000
28.40        3.32868020471948100000
28.41        3.32903852510696400000
28.42        3.32939671716064700000
28.43        3.32975478097241400000
28.44        3.33011271663404900000
28.45        3.33047052423723800000
28.46        3.33082820387357100000
28.47        3.33118575563453900000
28.48        3.33154317961153100000
28.49        3.33190047589584200000
28.50        3.33225764457866900000
28.51        3.33261468575111100000
28.52        3.33297159950416900000
28.53        3.33332838592874600000
28.54        3.33368504511564800000
28.55        3.33404157715558600000
28.56        3.33439798213917100000
28.57        3.33475426015691900000
28.58        3.33511041129925000000
28.59        3.33546643565648500000
28.60        3.33582233331885100000
28.61        3.33617810437647700000
28.62        3.33653374891939800000
28.63        3.33688926703754900000
28.64        3.33724465882077400000
28.65        3.33759992435881900000
28.66        3.33795506374133200000
28.67        3.33831007705787100000
28.68        3.33866496439789400000
28.69        3.33901972585076700000
28.70        3.33937436150575700000
28.71        3.33972887145204000000
28.72        3.34008325577869600000
28.73        3.34043751457471000000
28.74        3.34079164792897200000
28.75        3.34114565593027800000
28.76        3.34149953866733100000
28.77        3.34185329622873900000
28.78        3.34220692870301500000
28.79        3.34256043617857900000
28.80        3.34291381874375800000
28.81        3.34326707648678500000
28.82        3.34362020949579900000
28.83        3.34397321785884600000
28.84        3.34432610166387700000
28.85        3.34467886099875600000
28.86        3.34503149595124500000
28.87        3.34538400660902300000
28.88        3.34573639305966700000
28.89        3.34608865539066800000
28.90        3.34644079368942300000
28.91        3.34679280804323600000
28.92        3.34714469853931800000
28.93        3.34749646526479000000
28.94        3.34784810830668000000
28.95        3.34819962775192400000
28.96        3.34855102368736900000
28.97        3.34890229619976500000
28.98        3.34925344537577600000
28.99        3.34960447130197300000
29.00        3.34995537406483500000
29.01        3.35030615375075100000
29.02        3.35065681044601800000
29.03        3.35100734423684500000
29.04        3.35135775520934600000
29.05        3.35170804344954900000
29.06        3.35205820904338900000
29.07        3.35240825207671200000
29.08        3.35275817263527200000
29.09        3.35310797080473600000
29.10        3.35345764667067800000
29.11        3.35380720031858500000
29.12        3.35415663183385400000
29.13        3.35450594130179200000
29.14        3.35485512880761400000
29.15        3.35520419443645000000
29.16        3.35555313827333800000
29.17        3.35590196040323100000
29.18        3.35625066091098700000
29.19        3.35659923988138200000
29.20        3.35694769739909700000
29.21        3.35729603354872900000
29.22        3.35764424841478500000
29.23        3.35799234208168600000
29.24        3.35834031463375900000
29.25        3.35868816615525100000
29.26        3.35903589673031500000
29.27        3.35938350644301800000
29.28        3.35973099537734000000
29.29        3.36007836361717500000
29.30        3.36042561124632600000
29.31        3.36077273834851200000
29.32        3.36111974500736200000
29.33        3.36146663130642300000
29.34        3.36181339732914600000
29.35        3.36216004315890600000
29.36        3.36250656887898300000
29.37        3.36285297457257600000
29.38        3.36319926032279300000
29.39        3.36354542621266000000
29.40        3.36389147232511500000
29.41        3.36423739874300800000
29.42        3.36458320554910500000
29.43        3.36492889282608900000
29.44        3.36527446065655100000
29.45        3.36561990912300300000
29.46        3.36596523830786500000
29.47        3.36631044829347700000
29.48        3.36665553916209200000
29.49        3.36700051099587700000
29.50        3.36734536387691500000
29.51        3.36769009788720400000
29.52        3.36803471310865700000
29.53        3.36837920962310200000
29.54        3.36872358751228400000
29.55        3.36906784685786200000
29.56        3.36941198774141200000
29.57        3.36975601024442400000
29.58        3.37009991444830600000
29.59        3.37044370043438000000
29.60        3.37078736828388600000
29.61        3.37113091807798000000
29.62        3.37147434989773400000
29.63        3.37181766382413700000
29.64        3.37216085993809200000
29.65        3.37250393832042400000
29.66        3.37284689905187000000
29.67        3.37318974221308600000
29.68        3.37353246788464400000
29.69        3.37387507614703700000
29.70        3.37421756708067000000
29.71        3.37455994076586800000
29.72        3.37490219728287400000
29.73        3.37524433671184900000
29.74        3.37558635913286900000
29.75        3.37592826462593100000
29.76        3.37627005327094800000
29.77        3.37661172514775200000
29.78        3.37695328033609400000
29.79        3.37729471891564100000
29.80        3.37763604096598100000
29.81        3.37797724656661800000
29.82        3.37831833579697800000
29.83        3.37865930873640300000
29.84        3.37900016546415500000
29.85        3.37934090605941400000
29.86        3.37968153060128000000
29.87        3.38002203916877300000
29.88        3.38036243184083000000
29.89        3.38070270869631000000
29.90        3.38104286981399000000
29.91        3.38138291527256800000
29.92        3.38172284515066000000
29.93        3.38206265952680200000
29.94        3.38240235847945100000
29.95        3.38274194208698500000
29.96        3.38308141042770000000
29.97        3.38342076357981300000
29.98        3.38376000162146400000
29.99        3.38409912463070700000
30.00        3.38443813268552500000
30.01        3.38477702586381600000
30.02        3.38511580424339900000
30.03        3.38545446790201900000
30.04        3.38579301691733500000
30.05        3.38613145136693300000
30.06        3.38646977132831700000
30.07        3.38680797687891300000
30.08        3.38714606809607000000
30.09        3.38748404505705600000
30.10        3.38782190783906200000
