0.00010     -10000.57705118352000000000
0.00020      -5000.57688672616100000000
0.00030      -3333.91005562617100000000
0.00040      -2500.57655788353500000000
0.00050      -2000.57639349824700000000
0.00060      -1667.24289580363500000000
0.00070      -1429.14749337112000000000
0.00080      -1250.57590048641100000000
0.00090      -1111.68684730823000000000
0.00100      -1000.57557193181000000000
0.00110       -909.66631678138700000000
0.00120       -833.90857680644800000000
0.00130       -769.80584851048500000000
0.00140       -714.86062939598780000000
0.00150       -667.24141763144850000000
0.00160       -625.57458684323380000000
0.00170       -588.80971686327060000000
0.00180       -556.12981422749990000000
0.00190       -526.88988409587390000000
0.00200       -500.57393059635350000000
0.00210       -476.76424278490490000000
0.00220       -455.11905716186400000000
0.00230       -435.35604735794130000000
0.00240       -417.23994139872770000000
0.00250       -400.57311082571920000000
0.00260       -385.18833155864130000000
0.00270       -370.94315345503780000000
0.00280       -357.71547639280200000000
0.00290       -345.40004164597910000000
0.00300       -333.90562498540750000000
0.00310       -323.15277305020350000000
0.00320       -313.07196414959320000000
0.00330       -303.60210346441080000000
0.00340       -294.68928380127400000000
0.00350       -286.28575878890080000000
0.00360       -278.34908720837280000000
0.00370       -270.84141608065420000000
0.00380       -263.72887695081750000000
0.00390       -256.98107505161940000000
0.00400       -250.57065509254040000000
0.00410       -244.47293059189130000000
0.00420       -238.66556616147680000000
0.00430       -233.12830412363070000000
0.00440       -227.84272840774670000000
0.00450       -222.79205992727180000000
0.00460       -217.96097864665740000000
0.00470       -213.33546836316650000000
0.00480       -208.90268089095660000000
0.00490       -204.65081687568210000000
0.00500       -200.56902091134440000000
0.00510       -196.64728899633640000000
0.00520       -192.87638666763590000000
0.00530       -189.24777640282540000000
0.00540       -185.75355308855510000000
0.00550       -182.38638652880920000000
0.00560       -179.13947011300120000000
0.00570       -176.00647488742720000000
0.00580       -172.98150837794890000000
0.00590       -170.05907760019960000000
0.00600       -167.23405576876980000000
0.00610       -164.50165228089970000000
0.00620       -161.85738560497460000000
0.00630       -159.29705875106940000000
0.00640       -156.81673704112870000000
0.00650       -154.41272793113130000000
0.00660       -152.08156266760180000000
0.00670       -149.81997958682470000000
0.00680       -147.62490888765530000000
0.00690       -145.49345872843520000000
0.00700       -143.42290251560050000000
0.00710       -141.41066726649200000000
0.00720       -139.45432294193100000000
0.00730       -137.55157265557050000000
0.00740       -135.70024367708160000000
0.00750       -133.89827915508610000000
0.00760       -132.14373049354110000000
0.00770       -130.43475032217200000000
0.00780       -128.76958600764070000000
0.00790       -127.14657365753760000000
0.00800       -125.56413257407320000000
0.00810       -124.02076011860780000000
0.00820       -122.51502695194700000000
0.00830       -121.04557261871310000000
0.00840       -119.61110144711720000000
0.00850       -118.21037873816030000000
0.00860       -116.84222722070350000000
0.00870       -115.50552375101630000000
0.00880       -114.19919623735570000000
0.00890       -112.92222077187690000000
0.00900       -111.67361895375030000000
0.00910       -110.45245538877560000000
0.00920       -109.25783535206580000000
0.00930       -108.08890260152380000000
0.00940       -106.94483733088680000000
0.00950       -105.82485425204980000000
0.00960       -104.72820079724530000000
0.00970       -103.65415543242790000000
0.00980       -102.60202607392130000000
0.00990       -101.57114860102550000000
0.01000       -100.56088545786870000000
0.01010        -99.57062433831580000000
0.01020        -98.59977694823720000000
0.01030        -97.64777783987670000000
0.01040        -96.71408331346870000000
0.01050        -95.79817038161940000000
0.01060        -94.89953579230800000000
0.01070        -94.01769510667300000000
0.01080        -93.15218182803320000000
0.01090        -92.30254657885090000000
0.01100        -91.46835632258980000000
0.01110        -90.64919362763360000000
0.01120        -89.84465597063780000000
0.01130        -89.05435507687160000000
0.01140        -88.27791629527870000000
0.01150        -87.51497800614390000000
0.01160        -86.76519105939690000000
0.01170        -86.02821824172180000000
0.01180        -85.30373377076230000000
0.01190        -84.59142281482950000000
0.01200        -83.89098103662380000000
0.01210        -83.20211415958250000000
0.01220        -82.52453755555480000000
0.01230        -81.85797585258960000000
0.01240        -81.20216256170170000000
0.01250        -80.55683972155340000000
0.01260        -79.92175756005553000000
0.01270        -79.29667417195610000000
0.01280        -78.68135521154220000000
0.01290        -78.07557359963437000000
0.01300        -77.47910924410467000000
0.01310        -76.89174877319533000000
0.01320        -76.31328528095916000000
0.01330        -75.74351808418406000000
0.01340        -75.18225249020146000000
0.01350        -74.62929957501420000000
0.01360        -74.08447597121310000000
0.01370        -73.54760366518178000000
0.01380        -73.01850980311866000000
0.01390        -72.49702650543213000000
0.01400        -71.98299068909011000000
0.01410        -71.47624389752934000000
0.01420        -70.97663213775164000000
0.01430        -70.48400572425498000000
0.01440        -69.99821912946788000000
0.01450        -69.51913084037235000000
0.01460        -69.04660322101925000000
0.01470        -68.58050238065509000000
0.01480        -68.12069804719532000000
0.01490        -67.66706344579234000000
0.01500        -67.21947518226100000000
0.01510        -66.77781313113617000000
0.01520        -66.34196032814896000000
0.01530        -65.91180286691970000000
0.01540        -65.48722979967589000000
0.01550        -65.06813304181312000000
0.01560        -64.65440728012700000000
0.01570        -64.24594988455190000000
0.01580        -63.84266082325162000000
0.01590        -63.44444258091390000000
0.01600        -63.05120008010920000000
0.01610        -62.66284060557995000000
0.01620        -62.27927373133409000000
0.01630        -61.90041125042211000000
0.01640        -61.52616710728345000000
0.01650        -61.15645733255275000000
0.01660        -60.79119998022270000000
0.01670        -60.43031506706449000000
0.01680        -60.07372451421174000000
0.01690        -59.72135209081847000000
0.01700        -59.37312335970548000000
0.01710        -59.02896562491401000000
0.01720        -58.68880788108887000000
0.01730        -58.35258076461704000000
0.01740        -58.02021650645114000000
0.01750        -57.69164888655051000000
0.01760        -57.36681318987525000000
0.01770        -57.04564616387211000000
0.01780        -56.72808597739339000000
0.01790        -56.41407218099285000000
0.01800        -56.10354566854522000000
0.01810        -55.79644864013774000000
0.01820        -55.49272456618533000000
0.01830        -55.19231815272208000000
0.01840        -54.89517530782470000000
0.01850        -54.60124310912486000000
0.01860        -54.31046977236959000000
0.01870        -54.02280462099031000000
0.01880        -53.73819805664320000000
0.01890        -53.45660153068469000000
0.01900        -53.17796751654780000000
0.01910        -52.90224948298620000000
0.01920        -52.62940186815442000000
0.01930        -52.35938005449379000000
0.01940        -52.09214034439521000000
0.01950        -51.82763993661064000000
0.01960        -51.56583690338680000000
0.01970        -51.30669016829523000000
0.01980        -51.05015948473416000000
0.01990        -50.79620541507867000000
0.02000        -50.54478931045617000000
0.02010        -50.29587329112579000000
0.02020        -50.04942022744037000000
0.02030        -49.80539372137134000000
0.02040        -49.56375808857683000000
0.02050        -49.32447834099472000000
0.02060        -49.08752016994258000000
0.02070        -48.85284992970761000000
0.02080        -48.62043462160980000000
0.02090        -48.39024187852278000000
0.02100        -48.16223994983669000000
0.02110        -47.93639768684888000000
0.02120        -47.71268452856797000000
0.02130        -47.49107048791776000000
0.02140        -47.27152613832811000000
0.02150        -47.05402260069978000000
0.02160        -46.83853153073158000000
0.02170        -46.62502510659781000000
0.02180        -46.41347601696486000000
0.02190        -46.20385744933620000000
0.02200        -45.99614307871507000000
0.02210        -45.79030705657518000000
0.02220        -45.58632400012934000000
0.02230        -45.38416898188685000000
0.02240        -45.18381751949072000000
0.02250        -44.98524556582572000000
0.02260        -44.78842949938921000000
0.02270        -44.59334611491633000000
0.02280        -44.39997261425208000000
0.02290        -44.20828659746237000000
0.02300        -44.01826605417709000000
0.02310        -43.82988935515798000000
0.02320        -43.64313524408460000000
0.02330        -43.45798282955175000000
0.02340        -43.27441157727219000000
0.02350        -43.09240130247835000000
0.02360        -42.91193216251727000000
0.02370        -42.73298464963298000000
0.02380        -42.55553958393089000000
0.02390        -42.37957810651870000000
0.02400        -42.20508167281890000000
0.02410        -42.03203204604770000000
0.02420        -41.86041129085562000000
0.02430        -41.69020176712526000000
0.02440        -41.52138612392130000000
0.02450        -41.35394729358892000000
0.02460        -41.18786848599607000000
0.02470        -41.02313318291556000000
0.02480        -40.85972513254314000000
0.02490        -40.69762834414761000000
0.02500        -40.53682708284939000000
0.02510        -40.37730586452385000000
0.02520        -40.21904945082604000000
0.02530        -40.06204284433336000000
0.02540        -39.90627128380299000000
0.02550        -39.75172023954096000000
0.02560        -39.59837540887965000000
0.02570        -39.44622271176095000000
0.02580        -39.29524828642220000000
0.02590        -39.14543848518183000000
0.02600        -38.99677987032261000000
0.02610        -38.84925921006920000000
0.02620        -38.70286347465799000000
0.02630        -38.55757983249665000000
0.02640        -38.41339564641078000000
0.02650        -38.27029846997571000000
0.02660        -38.12827604393097000000
0.02670        -37.98731629267533000000
0.02680        -37.84740732084034000000
0.02690        -37.70853740994025000000
0.02700        -37.57069501509645000000
0.02710        -37.43386876183431000000
0.02720        -37.29804744295087000000
0.02730        -37.16322001545110000000
0.02740        -37.02937559755159000000
0.02750        -36.89650346574925000000
0.02760        -36.76459305195403000000
0.02770        -36.63363394068362000000
0.02780        -36.50361586631865000000
0.02790        -36.37452871041701000000
0.02800        -36.24636249908570000000
0.02810        -36.11910740040874000000
0.02820        -35.99275372192987000000
0.02830        -35.86729190818863000000
0.02840        -35.74271253830843000000
0.02850        -35.61900632363535000000
0.02860        -35.49616410542675000000
0.02870        -35.37417685258780000000
0.02880        -35.25303565945551000000
0.02890        -35.13273174362858000000
0.02900        -35.01325644384218000000
0.02910        -34.89460121788661000000
0.02920        -34.77675764056866000000
0.02930        -34.65971740171474000000
0.02940        -34.54347230421476000000
0.02950        -34.42801426210582000000
0.02960        -34.31333529869473000000
0.02970        -34.19942754471840000000
0.02980        -34.08628323654138000000
0.02990        -33.97389471438947000000
0.03000        -33.86225442061876000000
0.03010        -33.75135489801901000000
0.03020        -33.64118878815095000000
0.03030        -33.53174882971632000000
0.03040        -33.42302785696020000000
0.03050        -33.31501879810470000000
0.03060        -33.20771467381340000000
0.03070        -33.10110859568581000000
0.03080        -32.99519376478106000000
0.03090        -32.88996347017044000000
0.03100        -32.78541108751776000000
0.03110        -32.68153007768724000000
0.03120        -32.57831398537812000000
0.03130        -32.47575643778538000000
0.03140        -32.37385114328620000000
0.03150        -32.27259189015129000000
0.03160        -32.17197254528076000000
0.03170        -32.07198705296398000000
0.03180        -31.97262943366263000000
0.03190        -31.87389378281692000000
0.03200        -31.77577426967397000000
0.03210        -31.67826513613816000000
0.03220        -31.58136069564299000000
0.03230        -31.48505533204371000000
0.03240        -31.38934349853068000000
0.03250        -31.29421971656256000000
0.03260        -31.19967857481934000000
0.03270        -31.10571472817448000000
0.03280        -31.01232289668578000000
0.03290        -30.91949786460487000000
0.03300        -30.82723447940444000000
0.03310        -30.73552765082334000000
0.03320        -30.64437234992881000000
0.03330        -30.55376360819559000000
0.03340        -30.46369651660167000000
0.03350        -30.37416622474017000000
0.03360        -30.28516793994707000000
0.03370        -30.19669692644450000000
0.03380        -30.10874850449924000000
0.03390        -30.02131804959611000000
0.03400        -29.93440099162589000000
0.03410        -29.84799281408765000000
0.03420        -29.76208905330495000000
0.03430        -29.67668529765581000000
0.03440        -29.59177718681616000000
0.03450        -29.50736041101629000000
0.03460        -29.42343071031040000000
0.03470        -29.33998387385859000000
0.03480        -29.25701573922140000000
0.03490        -29.17452219166631000000
0.03500        -29.09249916348628000000
0.03510        -29.01094263332982000000
0.03520        -28.92984862554256000000
0.03530        -28.84921320951999000000
0.03540        -28.76903249907112000000
0.03550        -28.68930265179300000000
0.03560        -28.61001986845568000000
0.03570        -28.53118039239750000000
0.03580        -28.45278050893067000000
0.03590        -28.37481654475661000000
0.03600        -28.29728486739108000000
0.03610        -28.22018188459894000000
0.03620        -28.14350404383817000000
0.03630        -28.06724783171319000000
0.03640        -27.99140977343707000000
0.03650        -27.91598643230269000000
0.03660        -27.84097440916253000000
0.03670        -27.76637034191690000000
0.03680        -27.69217090501065000000
0.03690        -27.61837280893792000000
0.03700        -27.54497279975503000000
0.03710        -27.47196765860120000000
0.03720        -27.39935420122699000000
0.03730        -27.32712927753035000000
0.03740        -27.25528977110008000000
0.03750        -27.18383259876669000000
0.03760        -27.11275471016025000000
0.03770        -27.04205308727549000000
0.03780        -26.97172474404362000000
0.03790        -26.90176672591103000000
0.03800        -26.83217610942463000000
0.03810        -26.76295000182367000000
0.03820        -26.69408554063808000000
0.03830        -26.62557989329292000000
0.03840        -26.55743025671922000000
0.03850        -26.48963385697075000000
0.03860        -26.42218794884676000000
0.03870        -26.35508981552063000000
0.03880        -26.28833676817420000000
0.03890        -26.22192614563776000000
0.03900        -26.15585531403561000000
0.03910        -26.09012166643700000000
0.03920        -26.02472262251248000000
0.03930        -25.95965562819541000000
0.03940        -25.89491815534873000000
0.03950        -25.83050770143670000000
0.03960        -25.76642178920167000000
0.03970        -25.70265796634571000000
0.03980        -25.63921380521704000000
0.03990        -25.57608690250121000000
0.04000        -25.51327487891683000000
0.04010        -25.45077537891594000000
0.04020        -25.38858607038885000000
0.04030        -25.32670464437326000000
0.04040        -25.26512881476786000000
0.04050        -25.20385631805005000000
0.04060        -25.14288491299791000000
0.04070        -25.08221238041620000000
0.04080        -25.02183652286644000000
0.04090        -24.96175516440098000000
0.04100        -24.90196615030081000000
0.04110        -24.84246734681742000000
0.04120        -24.78325664091824000000
0.04130        -24.72433194003584000000
0.04140        -24.66569117182080000000
0.04150        -24.60733228389809000000
0.04160        -24.54925324362700000000
0.04170        -24.49145203786454000000
0.04180        -24.43392667273218000000
0.04190        -24.37667517338597000000
0.04200        -24.31969558378997000000
0.04210        -24.26298596649284000000
0.04220        -24.20654440240766000000
0.04230        -24.15036899059485000000
0.04240        -24.09445784804818000000
0.04250        -24.03880910948378000000
0.04260        -23.98342092713211000000
0.04270        -23.92829147053293000000
0.04280        -23.87341892633304000000
0.04290        -23.81880149808692000000
0.04300        -23.76443740606010000000
0.04310        -23.71032488703535000000
0.04320        -23.65646219412144000000
0.04330        -23.60284759656469000000
0.04340        -23.54947937956299000000
0.04350        -23.49635584408251000000
0.04360        -23.44347530667679000000
0.04370        -23.39083609930849000000
0.04380        -23.33843656917339000000
0.04390        -23.28627507852700000000
0.04400        -23.23435000451331000000
0.04410        -23.18265973899609000000
0.04420        -23.13120268839231000000
0.04430        -23.07997727350791000000
0.04440        -23.02898192937574000000
0.04450        -22.97821510509574000000
0.04460        -22.92767526367723000000
0.04470        -22.87736088188328000000
0.04480        -22.82727045007728000000
0.04490        -22.77740247207142000000
0.04500        -22.72775546497730000000
0.04510        -22.67832795905851000000
0.04520        -22.62911849758507000000
0.04530        -22.58012563668990000000
0.04540        -22.53134794522722000000
0.04550        -22.48278400463268000000
0.04560        -22.43443240878540000000
0.04570        -22.38629176387192000000
0.04580        -22.33836068825173000000
0.04590        -22.29063781232473000000
0.04600        -22.24312177840034000000
0.04610        -22.19581124056832000000
0.04620        -22.14870486457131000000
0.04630        -22.10180132767896000000
0.04640        -22.05509931856368000000
0.04650        -22.00859753717815000000
0.04660        -21.96229469463414000000
0.04670        -21.91618951308314000000
0.04680        -21.87028072559836000000
0.04690        -21.82456707605834000000
0.04700        -21.77904731903193000000
0.04710        -21.73372021966487000000
0.04720        -21.68858455356773000000
0.04730        -21.64363910670525000000
0.04740        -21.59888267528718000000
0.04750        -21.55431406566040000000
0.04760        -21.50993209420243000000
0.04770        -21.46573558721632000000
0.04780        -21.42172338082678000000
0.04790        -21.37789432087774000000
0.04800        -21.33424726283099000000
0.04810        -21.29078107166631000000
0.04820        -21.24749462178269000000
0.04830        -21.20438679690078000000
0.04840        -21.16145648996670000000
0.04850        -21.11870260305681000000
0.04860        -21.07612404728389000000
0.04870        -21.03371974270427000000
0.04880        -20.99148861822624000000
0.04890        -20.94942961151955000000
0.04900        -20.90754166892599000000
0.04910        -20.86582374537106000000
0.04920        -20.82427480427679000000
0.04930        -20.78289381747550000000
0.04940        -20.74167976512475000000
0.04950        -20.70063163562319000000
0.04960        -20.65974842552750000000
0.04970        -20.61902913947033000000
0.04980        -20.57847279007920000000
0.04990        -20.53807839789641000000
0.05000        -20.49784499129987000000
0.05010        -20.45777160642491000000
0.05020        -20.41785728708702000000
0.05030        -20.37810108470551000000
0.05040        -20.33850205822805000000
0.05050        -20.29905927405616000000
0.05060        -20.25977180597154000000
0.05070        -20.22063873506330000000
0.05080        -20.18165914965601000000
0.05090        -20.14283214523867000000
0.05100        -20.10415682439443000000
0.05110        -20.06563229673118000000
0.05120        -20.02725767881297000000
0.05130        -19.98903209409218000000
0.05140        -19.95095467284258000000
0.05150        -19.91302455209301000000
0.05160        -19.87524087556198000000
0.05170        -19.83760279359297000000
0.05180        -19.80010946309047000000
0.05190        -19.76276004745678000000
0.05200        -19.72555371652953000000
0.05210        -19.68848964651989000000
0.05220        -19.65156701995160000000
0.05230        -19.61478502560054000000
0.05240        -19.57814285843508000000
0.05250        -19.54163971955717000000
0.05260        -19.50527481614398000000
0.05270        -19.46904736139023000000
0.05280        -19.43295657445131000000
0.05290        -19.39700168038683000000
0.05300        -19.36118191010500000000
0.05310        -19.32549650030752000000
0.05320        -19.28994469343511000000
0.05330        -19.25452573761374000000
0.05340        -19.21923888660132000000
0.05350        -19.18408339973514000000
0.05360        -19.14905854187976000000
0.05370        -19.11416358337557000000
0.05380        -19.07939779998792000000
0.05390        -19.04476047285675000000
0.05400        -19.01025088844689000000
0.05410        -18.97586833849877000000
0.05420        -18.94161211997980000000
0.05430        -18.90748153503626000000
0.05440        -18.87347589094563000000
0.05450        -18.83959450006957000000
0.05460        -18.80583667980735000000
0.05470        -18.77220175254981000000
0.05480        -18.73868904563378000000
0.05490        -18.70529789129707000000
0.05500        -18.67202762663393000000
0.05510        -18.63887759355090000000
0.05520        -18.60584713872334000000
0.05530        -18.57293561355222000000
0.05540        -18.54014237412149000000
0.05550        -18.50746678115591000000
0.05560        -18.47490819997930000000
0.05570        -18.44246600047330000000
0.05580        -18.41013955703642000000
0.05590        -18.37792824854377000000
0.05600        -18.34583145830701000000
0.05610        -18.31384857403484000000
0.05620        -18.28197898779384000000
0.05630        -18.25022209596983000000
0.05640        -18.21857729922953000000
0.05650        -18.18704400248269000000
0.05660        -18.15562161484462000000
0.05670        -18.12430954959909000000
0.05680        -18.09310722416163000000
0.05690        -18.06201406004326000000
0.05700        -18.03102948281448000000
0.05710        -18.00015292206985000000
0.05720        -17.96938381139269000000
0.05730        -17.93872158832035000000
0.05740        -17.90816569430976000000
0.05750        -17.87771557470330000000
0.05760        -17.84737067869512000000
0.05770        -17.81713045929776000000
0.05780        -17.78699437330909000000
0.05790        -17.75696188127964000000
0.05800        -17.72703244748025000000
0.05810        -17.69720553987004000000
0.05820        -17.66748063006476000000
0.05830        -17.63785719330538000000
0.05840        -17.60833470842707000000
0.05850        -17.57891265782851000000
0.05860        -17.54959052744146000000
0.05870        -17.52036780670064000000
0.05880        -17.49124398851399000000
0.05890        -17.46221856923317000000
0.05900        -17.43329104862436000000
0.05910        -17.40446092983939000000
0.05920        -17.37572771938713000000
0.05930        -17.34709092710520000000
0.05940        -17.31855006613195000000
0.05950        -17.29010465287870000000
0.05960        -17.26175420700232000000
0.05970        -17.23349825137800000000
0.05980        -17.20533631207240000000
0.05990        -17.17726791831694000000
0.06000        -17.14929260248149000000
0.06010        -17.12140990004823000000
0.06020        -17.09361934958581000000
0.06030        -17.06592049272373000000
0.06040        -17.03831287412705000000
0.06050        -17.01079604147126000000
0.06060        -16.98336954541745000000
0.06070        -16.95603293958775000000
0.06080        -16.92878578054095000000
0.06090        -16.90162762774837000000
0.06100        -16.87455804357003000000
0.06110        -16.84757659323099000000
0.06120        -16.82068284479793000000
0.06130        -16.79387636915602000000
0.06140        -16.76715673998589000000
0.06150        -16.74052353374098000000
0.06160        -16.71397632962498000000
0.06170        -16.68751470956960000000
0.06180        -16.66113825821240000000
0.06190        -16.63484656287505000000
0.06200        -16.60863921354162000000
0.06210        -16.58251580283712000000
0.06220        -16.55647592600634000000
0.06230        -16.53051918089278000000
0.06240        -16.50464516791781000000
0.06250        -16.47885349006010000000
0.06260        -16.45314375283517000000
0.06270        -16.42751556427513000000
0.06280        -16.40196853490870000000
0.06290        -16.37650227774130000000
0.06300        -16.35111640823546000000
0.06310        -16.32581054429130000000
0.06320        -16.30058430622726000000
0.06330        -16.27543731676101000000
0.06340        -16.25036920099053000000
0.06350        -16.22537958637533000000
0.06360        -16.20046810271793000000
0.06370        -16.17563438214544000000
0.06380        -16.15087805909138000000
0.06390        -16.12619877027756000000
0.06400        -16.10159615469629000000
0.06410        -16.07706985359260000000
0.06420        -16.05261951044674000000
0.06430        -16.02824477095677000000
0.06440        -16.00394528302138000000
0.06450        -15.97972069672277000000
0.06460        -15.95557066430979000000
0.06470        -15.93149484018121000000
0.06480        -15.90749288086910000000
0.06490        -15.88356444502240000000
0.06500        -15.85970919339065000000
0.06510        -15.83592678880784000000
0.06520        -15.81221689617645000000
0.06530        -15.78857918245159000000
0.06540        -15.76501331662528000000
0.06550        -15.74151896971099000000
0.06560        -15.71809581472813000000
0.06570        -15.69474352668686000000
0.06580        -15.67146178257291000000
0.06590        -15.64825026133263000000
0.06600        -15.62510864385811000000
0.06610        -15.60203661297248000000
0.06620        -15.57903385341532000000
0.06630        -15.55610005182819000000
0.06640        -15.53323489674034000000
0.06650        -15.51043807855449000000
0.06660        -15.48770928953277000000
0.06670        -15.46504822378280000000
0.06680        -15.44245457724386000000
0.06690        -15.41992804767319000000
0.06700        -15.39746833463243000000
0.06710        -15.37507513947422000000
0.06720        -15.35274816532879000000
0.06730        -15.33048711709082000000
0.06740        -15.30829170140632000000
0.06750        -15.28616162665968000000
0.06760        -15.26409660296079000000
0.06770        -15.24209634213229000000
0.06780        -15.22016055769698000000
0.06790        -15.19828896486525000000
0.06800        -15.17648128052270000000
0.06810        -15.15473722321786000000
0.06820        -15.13305651314994000000
0.06830        -15.11143887215680000000
0.06840        -15.08988402370294000000
0.06850        -15.06839169286764000000
0.06860        -15.04696160633321000000
0.06870        -15.02559349237328000000
0.06880        -15.00428708084124000000
0.06890        -14.98304210315884000000
0.06900        -14.96185829230474000000
0.06910        -14.94073538280330000000
0.06920        -14.91967311071338000000
0.06930        -14.89867121361730000000
0.06940        -14.87772943060983000000
0.06950        -14.85684750228734000000
0.06960        -14.83602517073699000000
0.06970        -14.81526217952605000000
0.06980        -14.79455827369127000000
0.06990        -14.77391319972843000000
0.07000        -14.75332670558184000000
0.07010        -14.73279854063407000000
0.07020        -14.71232845569567000000
0.07030        -14.69191620299504000000
0.07040        -14.67156153616834000000
0.07050        -14.65126421024950000000
0.07060        -14.63102398166034000000
0.07070        -14.61084060820078000000
0.07080        -14.59071384903902000000
0.07090        -14.57064346470198000000
0.07100        -14.55062921706570000000
0.07110        -14.53067086934583000000
0.07120        -14.51076818608827000000
0.07130        -14.49092093315978000000
0.07140        -14.47112887773879000000
0.07150        -14.45139178830620000000
0.07160        -14.43170943463629000000
0.07170        -14.41208158778767000000
0.07180        -14.39250802009439000000
0.07190        -14.37298850515705000000
0.07200        -14.35352281783397000000
0.07210        -14.33411073423251000000
0.07220        -14.31475203170042000000
0.07230        -14.29544648881724000000
0.07240        -14.27619388538579000000
0.07250        -14.25699400242375000000
0.07260        -14.23784662215531000000
0.07270        -14.21875152800281000000
0.07280        -14.19970850457859000000
0.07290        -14.18071733767678000000
0.07300        -14.16177781426520000000
0.07310        -14.14288972247736000000
0.07320        -14.12405285160449000000
0.07330        -14.10526699208762000000
0.07340        -14.08653193550977000000
0.07350        -14.06784747458820000000
0.07360        -14.04921340316666000000
0.07370        -14.03062951620777000000
0.07380        -14.01209560978544000000
0.07390        -13.99361148107736000000
0.07400        -13.97517692835752000000
0.07410        -13.95679175098882000000
0.07420        -13.93845574941575000000
0.07430        -13.92016872515710000000
0.07440        -13.90193048079872000000
0.07450        -13.88374081998640000000
0.07460        -13.86559954741872000000
0.07470        -13.84750646884005000000
0.07480        -13.82946139103351000000
0.07490        -13.81146412181407000000
0.07500        -13.79351447002169000000
0.07510        -13.77561224551443000000
0.07520        -13.75775725916173000000
0.07530        -13.73994932283770000000
0.07540        -13.72218824941440000000
0.07550        -13.70447385275533000000
0.07560        -13.68680594770877000000
0.07570        -13.66918435010134000000
0.07580        -13.65160887673152000000
0.07590        -13.63407934536325000000
0.07600        -13.61659557471960000000
0.07610        -13.59915738447643000000
0.07620        -13.58176459525618000000
0.07630        -13.56441702862163000000
0.07640        -13.54711450706978000000
0.07650        -13.52985685402570000000
0.07660        -13.51264389383652000000
0.07670        -13.49547545176540000000
0.07680        -13.47835135398555000000
0.07690        -13.46127142757432000000
0.07700        -13.44423550050737000000
0.07710        -13.42724340165277000000
0.07720        -13.41029496076529000000
0.07730        -13.39339000848061000000
0.07740        -13.37652837630968000000
0.07750        -13.35970989663303000000
0.07760        -13.34293440269520000000
0.07770        -13.32620172859914000000
0.07780        -13.30951170930074000000
0.07790        -13.29286418060332000000
0.07800        -13.27625897915222000000
0.07810        -13.25969594242939000000
0.07820        -13.24317490874806000000
0.07830        -13.22669571724743000000
0.07840        -13.21025820788738000000
0.07850        -13.19386222144326000000
0.07860        -13.17750759950071000000
0.07870        -13.16119418445048000000
0.07880        -13.14492181948339000000
0.07890        -13.12869034858516000000
0.07900        -13.11249961653147000000
0.07910        -13.09634946888291000000
0.07920        -13.08023975198006000000
0.07930        -13.06417031293854000000
0.07940        -13.04814099964415000000
0.07950        -13.03215166074803000000
0.07960        -13.01620214566184000000
0.07970        -13.00029230455299000000
0.07980        -12.98442198833991000000
0.07990        -12.96859104868735000000
0.08000        -12.95279933800171000000
0.08010        -12.93704670942642000000
0.08020        -12.92133301683734000000
0.08030        -12.90565811483818000000
0.08040        -12.89002185875603000000
0.08050        -12.87442410463678000000
0.08060        -12.85886470924075000000
0.08070        -12.84334353003821000000
0.08080        -12.82786042520500000000
0.08090        -12.81241525361817000000
0.08100        -12.79700787485164000000
0.08110        -12.78163814917195000000
0.08120        -12.76630593753392000000
0.08130        -12.75101110157647000000
0.08140        -12.73575350361843000000
0.08150        -12.72053300665430000000
0.08160        -12.70534947435019000000
0.08170        -12.69020277103965000000
0.08180        -12.67509276171964000000
0.08190        -12.66001931204642000000
0.08200        -12.64498228833159000000
0.08210        -12.62998155753806000000
0.08220        -12.61501698727610000000
0.08230        -12.60008844579943000000
0.08240        -12.58519580200125000000
0.08250        -12.57033892541045000000
0.08260        -12.55551768618770000000
0.08270        -12.54073195512165000000
0.08280        -12.52598160362515000000
0.08290        -12.51126650373145000000
0.08300        -12.49658652809050000000
0.08310        -12.48194154996525000000
0.08320        -12.46733144322788000000
0.08330        -12.45275608235627000000
0.08340        -12.43821534243026000000
0.08350        -12.42370909912811000000
0.08360        -12.40923722872289000000
0.08370        -12.39479960807893000000
0.08380        -12.38039611464833000000
0.08390        -12.36602662646739000000
0.08400        -12.35169102215317000000
0.08410        -12.33738918090007000000
0.08420        -12.32312098247633000000
0.08430        -12.30888630722069000000
0.08440        -12.29468503603897000000
0.08450        -12.28051705040072000000
0.08460        -12.26638223233592000000
0.08470        -12.25228046443164000000
0.08480        -12.23821162982875000000
0.08490        -12.22417561221868000000
0.08500        -12.21017229584019000000
0.08510        -12.19620156547612000000
0.08520        -12.18226330645022000000
0.08530        -12.16835740462397000000
0.08540        -12.15448374639344000000
0.08550        -12.14064221868616000000
0.08560        -12.12683270895802000000
0.08570        -12.11305510519017000000
0.08580        -12.09930929588599000000
0.08590        -12.08559517006801000000
0.08600        -12.07191261727494000000
0.08610        -12.05826152755862000000
0.08620        -12.04464179148110000000
0.08630        -12.03105330011162000000
0.08640        -12.01749594502372000000
0.08650        -12.00396961829234000000
0.08660        -11.99047421249086000000
0.08670        -11.97700962068830000000
0.08680        -11.96357573644639000000
0.08690        -11.95017245381681000000
0.08700        -11.93679966733832000000
0.08710        -11.92345727203400000000
0.08720        -11.91014516340842000000
0.08730        -11.89686323744496000000
0.08740        -11.88361139060300000000
0.08750        -11.87038951981524000000
0.08760        -11.85719752248498000000
0.08770        -11.84403529648346000000
0.08780        -11.83090274014716000000
0.08790        -11.81779975227518000000
0.08800        -11.80472623212662000000
0.08810        -11.79168207941792000000
0.08820        -11.77866719432032000000
0.08830        -11.76568147745728000000
0.08840        -11.75272482990189000000
0.08850        -11.73979715317434000000
0.08860        -11.72689834923944000000
0.08870        -11.71402832050402000000
0.08880        -11.70118696981457000000
0.08890        -11.68837420045463000000
0.08900        -11.67558991614245000000
0.08910        -11.66283402102848000000
0.08920        -11.65010641969297000000
0.08930        -11.63740701714357000000
0.08940        -11.62473571881292000000
0.08950        -11.61209243055630000000
0.08960        -11.59947705864926000000
0.08970        -11.58688950978526000000
0.08980        -11.57432969107339000000
0.08990        -11.56179751003600000000
0.09000        -11.54929287460644000000
0.09010        -11.53681569312679000000
0.09020        -11.52436587434555000000
0.09030        -11.51194332741544000000
0.09040        -11.49954796189111000000
0.09050        -11.48717968772698000000
0.09060        -11.47483841527499000000
0.09070        -11.46252405528242000000
0.09080        -11.45023651888971000000
0.09090        -11.43797571762832000000
0.09100        -11.42574156341855000000
0.09110        -11.41353396856743000000
0.09120        -11.40135284576657000000
0.09130        -11.38919810809009000000
0.09140        -11.37706966899250000000
0.09150        -11.36496744230666000000
0.09160        -11.35289134224165000000
0.09170        -11.34084128338077000000
0.09180        -11.32881718067950000000
0.09190        -11.31681894946344000000
0.09200        -11.30484650542634000000
0.09210        -11.29289976462807000000
0.09220        -11.28097864349266000000
0.09230        -11.26908305880630000000
0.09240        -11.25721292771540000000
0.09250        -11.24536816772464000000
0.09260        -11.23354869669503000000
0.09270        -11.22175443284199000000
0.09280        -11.20998529473344000000
0.09290        -11.19824120128792000000
0.09300        -11.18652207177267000000
0.09310        -11.17482782580178000000
0.09320        -11.16315838333433000000
0.09330        -11.15151366467253000000
0.09340        -11.13989359045991000000
0.09350        -11.12829808167945000000
0.09360        -11.11672705965180000000
0.09370        -11.10518044603347000000
0.09380        -11.09365816281505000000
0.09390        -11.08216013231941000000
0.09400        -11.07068627719994000000
0.09410        -11.05923652043880000000
0.09420        -11.04781078534516000000
0.09430        -11.03640899555352000000
0.09440        -11.02503107502189000000
0.09450        -11.01367694803017000000
0.09460        -11.00234653917839000000
0.09470        -10.99103977338506000000
0.09480        -10.97975657588545000000
0.09490        -10.96849687222998000000
0.09500        -10.95726058828247000000
0.09510        -10.94604765021860000000
0.09520        -10.93485798452418000000
0.09530        -10.92369151799358000000
0.09540        -10.91254817772809000000
0.09550        -10.90142789113433000000
0.09560        -10.89033058592260000000
0.09570        -10.87925619010539000000
0.09580        -10.86820463199570000000
0.09590        -10.85717584020554000000
0.09600        -10.84616974364436000000
0.09610        -10.83518627151748000000
0.09620        -10.82422535332457000000
0.09630        -10.81328691885813000000
0.09640        -10.80237089820194000000
0.09650        -10.79147722172958000000
0.09660        -10.78060582010294000000
0.09670        -10.76975662427068000000
0.09680        -10.75892956546679000000
0.09690        -10.74812457520912000000
0.09700        -10.73734158529788000000
0.09710        -10.72658052781423000000
0.09720        -10.71584133511880000000
0.09730        -10.70512393985027000000
0.09740        -10.69442827492396000000
0.09750        -10.68375427353037000000
0.09760        -10.67310186913378000000
0.09770        -10.66247099547090000000
0.09780        -10.65186158654942000000
0.09790        -10.64127357664662000000
0.09800        -10.63070690030807000000
0.09810        -10.62016149234617000000
0.09820        -10.60963728783884000000
0.09830        -10.59913422212819000000
0.09840        -10.58865223081911000000
0.09850        -10.57819124977800000000
0.09860        -10.56775121513141000000
0.09870        -10.55733206326475000000
0.09880        -10.54693373082094000000
0.09890        -10.53655615469915000000
0.09900        -10.52619927205346000000
0.09910        -10.51586302029162000000
0.09920        -10.50554733707376000000
0.09930        -10.49525216031109000000
0.09940        -10.48497742816466000000
0.09950        -10.47472307904411000000
0.09960        -10.46448905160642000000
0.09970        -10.45427528475465000000
0.09980        -10.44408171763672000000
0.09990        -10.43390828964420000000
